231031;3801;2730;99999;;;26;1520;;;-;6187;MOVEON-siirto;;;;
231031;5526;1520;99999;;;26;2730;;;+;6187;MOVEON-siirto;;;;
231031;3801;2730;99999;;;3;3633;;;-;714;MOVEON-siirto;;;;
231031;5526;3633;99999;;;3;2730;;;+;714;MOVEON-siirto;;;;
231031;3801;2730;99999;;;2;3422;;;-;476;MOVEON-siirto;;;;
231031;5526;3422;99999;;;2;2730;;;+;476;MOVEON-siirto;;;;
231031;3801;2730;99999;;;1;4311;;;-;238;MOVEON-siirto;;;;
231031;5526;4311;99999;;;1;2730;;;+;238;MOVEON-siirto;;;;
231031;3801;2730;99999;;;7;4314;;;-;1666;MOVEON-siirto;;;;
231031;5526;4314;99999;;;7;2730;;;+;1666;MOVEON-siirto;;;;
231031;3801;2730;99999;;;1;4315;;;-;238;MOVEON-siirto;;;;
231031;5526;4315;99999;;;1;2730;;;+;238;MOVEON-siirto;;;;
231031;3801;2730;99999;;;6;4322;;;-;1428;MOVEON-siirto;;;;
231031;5526;4322;99999;;;6;2730;;;+;1428;MOVEON-siirto;;;;
231031;3801;2730;99999;;;2;4660;;;-;476;MOVEON-siirto;;;;
231031;5526;4660;99999;;;2;2730;;;+;476;MOVEON-siirto;;;;
231031;3801;2730;99999;;;7;2312;;;-;1444;MOVEON-siirto;;;;
231031;5526;2312;99999;;;7;2730;;;+;1444;MOVEON-siirto;;;;
231031;3801;2730;99999;;;5;2321;;;-;968;MOVEON-siirto;;;;
231031;5526;2321;99999;;;5;2730;;;+;968;MOVEON-siirto;;;;
231031;3801;2730;99999;;;2;2352;;;-;476;MOVEON-siirto;;;;
231031;5526;2352;99999;;;2;2730;;;+;476;MOVEON-siirto;;;;
231031;3801;2730;99999;;;3;6250;;;-;714;MOVEON-siirto;;;;
231031;5526;6250;99999;;;3;2730;;;+;714;MOVEON-siirto;;;;
231031;3801;2730;99999;;;2;6430;;;-;476;MOVEON-siirto;;;;
231031;5526;6430;99999;;;2;2730;;;+;476;MOVEON-siirto;;;;
231031;3801;2730;99999;;;7;6521;;;-;334;MOVEON-siirto;;;;
231031;5526;6521;99999;;;7;2730;;;+;334;MOVEON-siirto;;;;
231031;3801;2730;99999;;;17;6524;;;-;3157;MOVEON-siirto;;;;
231031;5526;6524;99999;;;17;2730;;;+;3157;MOVEON-siirto;;;;
231031;3801;2730;99999;;;1;2720;;;-;238;MOVEON-siirto;;;;
231031;5526;2720;99999;;;1;2730;;;+;238;MOVEON-siirto;;;;
231031;3801;2730;99999;;;3;6210;;;-;714;MOVEON-siirto;;;;
231031;5526;6210;99999;;;3;2730;;;+;714;MOVEON-siirto;;;;
231031;3801;2730;99999;;;1;6210;;;-;238;MOVEON-siirto;;;;
231031;5526;6210;99999;;;1;2730;;;+;238;MOVEON-siirto;;;;
231031;3801;2730;99999;;;1;3510;;;-;238;MOVEON-siirto;;;;
231031;5526;3510;99999;;;1;2730;;;+;238;MOVEON-siirto;;;;
231031;3801;2730;99999;;;5;3520;;;-;1190;MOVEON-siirto;;;;
231031;5526;3520;99999;;;5;2730;;;+;1190;MOVEON-siirto;;;;
231031;3801;2730;99999;;;4;6410;;;-;952;MOVEON-siirto;;;;
231031;5526;6410;99999;;;4;2730;;;+;952;MOVEON-siirto;;;;
231031;3801;2730;99999;;;8;6511;;;-;1904;MOVEON-siirto;;;;
231031;5526;6511;99999;;;8;2730;;;+;1904;MOVEON-siirto;;;;
231031;3801;2730;99999;;;9;6512;;;-;2142;MOVEON-siirto;;;;
231031;5526;6512;99999;;;9;2730;;;+;2142;MOVEON-siirto;;;;
231031;3801;2730;99999;;;5;6531;;;-;1190;MOVEON-siirto;;;;
231031;5526;6531;99999;;;5;2730;;;+;1190;MOVEON-siirto;;;;
231031;3801;2730;99999;;;1;6532;;;-;238;MOVEON-siirto;;;;
231031;5526;6532;99999;;;1;2730;;;+;238;MOVEON-siirto;;;;
231031;3801;2730;99999;;;11;6533;;;-;2617;MOVEON-siirto;;;;
231031;5526;6533;99999;;;11;2730;;;+;2617;MOVEON-siirto;;;;
231031;3801;2730;99999;;;12;6534;;;-;2855;MOVEON-siirto;;;;
231031;5526;6534;99999;;;12;2730;;;+;2855;MOVEON-siirto;;;;
231031;3801;2730;99999;;;2;6543;;;-;476;MOVEON-siirto;;;;
231031;5526;6543;99999;;;2;2730;;;+;476;MOVEON-siirto;;;;
231031;3801;2730;99999;;;2;6545;;;-;476;MOVEON-siirto;;;;
231031;5526;6545;99999;;;2;2730;;;+;476;MOVEON-siirto;;;;
231031;3801;2730;99999;;;7;6551;;;-;1666;MOVEON-siirto;;;;
231031;5526;6551;99999;;;7;2730;;;+;1666;MOVEON-siirto;;;;
231031;3801;2730;99999;;;4;6554;;;-;952;MOVEON-siirto;;;;
231031;5526;6554;99999;;;4;2730;;;+;952;MOVEON-siirto;;;;
231031;3801;2730;99999;;;6;1111;;;-;703;MOVEON-siirto;;;;
231031;5124;1111;99999;;;6;2730;;;+;703;MOVEON-siirto;;;;
231031;3801;2730;99999;;;1;1112;;;-;117;MOVEON-siirto;;;;
231031;5124;1112;99999;;;1;2730;;;+;117;MOVEON-siirto;;;;
231031;3801;2730;99999;;;2;1113;;;-;273;MOVEON-siirto;;;;
231031;5124;1113;99999;;;2;2730;;;+;273;MOVEON-siirto;;;;
231031;3801;2730;99999;;;2;1121;;;-;195;MOVEON-siirto;;;;
231031;5124;1121;99999;;;2;2730;;;+;195;MOVEON-siirto;;;;
231031;3801;2730;99999;;;15;1125;;;-;1914;MOVEON-siirto;;;;
231031;5124;1125;99999;;;15;2730;;;+;1914;MOVEON-siirto;;;;
231031;3801;2730;99999;;;1;1126;;;-;78;MOVEON-siirto;;;;
231031;5124;1126;99999;;;1;2730;;;+;78;MOVEON-siirto;;;;
231031;3801;2730;99999;;;6;1153;;;-;703;MOVEON-siirto;;;;
231031;5124;1153;99999;;;6;2730;;;+;703;MOVEON-siirto;;;;
231031;3801;2730;99999;;;6;1410;;;-;781;MOVEON-siirto;;;;
231031;5125;1410;99999;;;6;2730;;;+;781;MOVEON-siirto;;;;
231031;3801;2730;99999;;;3;1520;;;-;352;MOVEON-siirto;;;;
231031;5124;1520;99999;;;3;2730;;;+;352;MOVEON-siirto;;;;
231031;3801;2730;99999;;;6;1630;;;-;781;MOVEON-siirto;;;;
231031;5124;1630;99999;;;6;2730;;;+;781;MOVEON-siirto;;;;
231031;3801;2730;99999;;;22;1630;;;-;2734;MOVEON-siirto;;;;
231031;5125;1630;99999;;;22;2730;;;+;2734;MOVEON-siirto;;;;
231031;3801;2730;99999;;;4;1830;;;-;508;MOVEON-siirto;;;;
231031;5124;1830;99999;;;4;2730;;;+;508;MOVEON-siirto;;;;
231031;3801;2730;99999;;;62;2311;;;-;7812;MOVEON-siirto;;;;
231031;5126;2311;99999;;;62;2730;;;+;7812;MOVEON-siirto;;;;
231031;3801;2730;99999;;;6;2311;;;-;781;MOVEON-siirto;;;;
231031;5124;2311;99999;;;6;2730;;;+;781;MOVEON-siirto;;;;
231031;3801;2730;99999;;;47;2312;;;-;5859;MOVEON-siirto;;;;
231031;5126;2312;99999;;;47;2730;;;+;5859;MOVEON-siirto;;;;
231031;3801;2730;99999;;;16;2312;;;-;1953;MOVEON-siirto;;;;
231031;5124;2312;99999;;;16;2730;;;+;1953;MOVEON-siirto;;;;
231031;3801;2730;99999;;;6;2312;;;-;781;MOVEON-siirto;;;;
231031;5124;2312;99999;;;6;2730;;;+;781;MOVEON-siirto;;;;
231031;3801;2730;99999;;;71;2321;;;-;8984;MOVEON-siirto;;;;
231031;5126;2321;99999;;;71;2730;;;+;8984;MOVEON-siirto;;;;
231031;3801;2730;99999;;;22;2330;;;-;2734;MOVEON-siirto;;;;
231031;5126;2330;99999;;;22;2730;;;+;2734;MOVEON-siirto;;;;
231031;3801;2730;99999;;;16;2351;;;-;1953;MOVEON-siirto;;;;
231031;5126;2351;99999;;;16;2730;;;+;1953;MOVEON-siirto;;;;
231031;3801;2730;99999;;;2;2351;;;-;195;MOVEON-siirto;;;;
231031;5124;2351;99999;;;2;2730;;;+;195;MOVEON-siirto;;;;
231031;3801;2730;99999;;;6;2352;;;-;781;MOVEON-siirto;;;;
231031;5124;2352;99999;;;6;2730;;;+;781;MOVEON-siirto;;;;
231031;3801;2730;99999;;;31;2352;;;-;3906;MOVEON-siirto;;;;
231031;5126;2352;99999;;;31;2730;;;+;3906;MOVEON-siirto;;;;
231031;3801;2730;99999;;;8;2353;;;-;977;MOVEON-siirto;;;;
231031;5126;2353;99999;;;8;2730;;;+;977;MOVEON-siirto;;;;
231031;3801;2730;99999;;;2;2353;;;-;195;MOVEON-siirto;;;;
231031;5124;2353;99999;;;2;2730;;;+;195;MOVEON-siirto;;;;
231031;3801;2730;99999;;;8;2360;;;-;977;MOVEON-siirto;;;;
231031;5126;2360;99999;;;8;2730;;;+;977;MOVEON-siirto;;;;
231031;3801;2730;99999;;;1;2400;;;-;117;MOVEON-siirto;;;;
231031;5124;2400;99999;;;1;2730;;;+;117;MOVEON-siirto;;;;
231031;3801;2730;99999;;;3;3110;;;-;391;MOVEON-siirto;;;;
231031;5125;3110;99999;;;3;2730;;;+;391;MOVEON-siirto;;;;
231031;3801;2730;99999;;;1;3114;;;-;78;MOVEON-siirto;;;;
231031;5124;3114;99999;;;1;2730;;;+;78;MOVEON-siirto;;;;
231031;3801;2730;99999;;;28;3221;;;-;3515;MOVEON-siirto;;;;
231031;5125;3221;99999;;;28;2730;;;+;3515;MOVEON-siirto;;;;
231031;3801;2730;99999;;;0;3222;;;-;39;MOVEON-siirto;;;;
231031;5124;3222;99999;;;0;2730;;;+;39;MOVEON-siirto;;;;
231031;3801;2730;99999;;;6;3310;;;-;703;MOVEON-siirto;;;;
231031;5125;3310;99999;;;6;2730;;;+;703;MOVEON-siirto;;;;
231031;3801;2730;99999;;;2;3320;;;-;312;MOVEON-siirto;;;;
231031;5125;3320;99999;;;2;2730;;;+;312;MOVEON-siirto;;;;
231031;3801;2730;99999;;;9;3330;;;-;1094;MOVEON-siirto;;;;
231031;5125;3330;99999;;;9;2730;;;+;1094;MOVEON-siirto;;;;
231031;3801;2730;99999;;;6;3340;;;-;703;MOVEON-siirto;;;;
231031;5125;3340;99999;;;6;2730;;;+;703;MOVEON-siirto;;;;
231031;3801;2730;99999;;;0;3340;;;-;39;MOVEON-siirto;;;;
231031;5124;3340;99999;;;0;2730;;;+;39;MOVEON-siirto;;;;
231031;3801;2730;99999;;;2;3360;;;-;234;MOVEON-siirto;;;;
231031;5125;3360;99999;;;2;2730;;;+;234;MOVEON-siirto;;;;
231031;3801;2730;99999;;;2;3360;;;-;234;MOVEON-siirto;;;;
231031;5125;3360;99999;;;2;2730;;;+;234;MOVEON-siirto;;;;
231031;3801;2730;99999;;;2;3360;;;-;234;MOVEON-siirto;;;;
231031;5125;3360;99999;;;2;2730;;;+;234;MOVEON-siirto;;;;
231031;3801;2730;99999;;;1;3370;;;-;78;MOVEON-siirto;;;;
231031;5125;3370;99999;;;1;2730;;;+;78;MOVEON-siirto;;;;
231031;3801;2730;99999;;;2;3370;;;-;234;MOVEON-siirto;;;;
231031;5125;3370;99999;;;2;2730;;;+;234;MOVEON-siirto;;;;
231031;3801;2730;99999;;;2;3370;;;-;234;MOVEON-siirto;;;;
231031;5125;3370;99999;;;2;2730;;;+;234;MOVEON-siirto;;;;
231031;3801;2730;99999;;;2;3370;;;-;234;MOVEON-siirto;;;;
231031;5125;3370;99999;;;2;2730;;;+;234;MOVEON-siirto;;;;
231031;3801;2730;99999;;;6;3384;;;-;781;MOVEON-siirto;;;;
231031;5125;3384;99999;;;6;2730;;;+;781;MOVEON-siirto;;;;
231031;3801;2730;99999;;;6;3390;;;-;781;MOVEON-siirto;;;;
231031;5125;3390;99999;;;6;2730;;;+;781;MOVEON-siirto;;;;
231031;3801;2730;99999;;;1;3411;;;-;78;MOVEON-siirto;;;;
231031;5125;3411;99999;;;1;2730;;;+;78;MOVEON-siirto;;;;
231031;3801;2730;99999;;;1;3415;;;-;78;MOVEON-siirto;;;;
231031;5125;3415;99999;;;1;2730;;;+;78;MOVEON-siirto;;;;
231031;3801;2730;99999;;;1;3418;;;-;78;MOVEON-siirto;;;;
231031;5125;3418;99999;;;1;2730;;;+;78;MOVEON-siirto;;;;
231031;3801;2730;99999;;;3;3419;;;-;391;MOVEON-siirto;;;;
231031;5125;3419;99999;;;3;2730;;;+;391;MOVEON-siirto;;;;
231031;3801;2730;99999;;;3;3421;;;-;391;MOVEON-siirto;;;;
231031;5125;3421;99999;;;3;2730;;;+;391;MOVEON-siirto;;;;
231031;3801;2730;99999;;;3;3422;;;-;391;MOVEON-siirto;;;;
231031;5125;3422;99999;;;3;2730;;;+;391;MOVEON-siirto;;;;
231031;3801;2730;99999;;;2;3427;;;-;195;MOVEON-siirto;;;;
231031;5125;3427;99999;;;2;2730;;;+;195;MOVEON-siirto;;;;
231031;3801;2730;99999;;;2;3427;;;-;195;MOVEON-siirto;;;;
231031;5125;3427;99999;;;2;2730;;;+;195;MOVEON-siirto;;;;
231031;3801;2730;99999;;;6;3428;;;-;781;MOVEON-siirto;;;;
231031;5125;3428;99999;;;6;2730;;;+;781;MOVEON-siirto;;;;
231031;3801;2730;99999;;;3;3431;;;-;391;MOVEON-siirto;;;;
231031;5125;3431;99999;;;3;2730;;;+;391;MOVEON-siirto;;;;
231031;3801;2730;99999;;;3;3432;;;-;391;MOVEON-siirto;;;;
231031;5125;3432;99999;;;3;2730;;;+;391;MOVEON-siirto;;;;
231031;3801;2730;99999;;;3;3433;;;-;391;MOVEON-siirto;;;;
231031;5125;3433;99999;;;3;2730;;;+;391;MOVEON-siirto;;;;
231031;3801;2730;99999;;;6;3451;;;-;781;MOVEON-siirto;;;;
231031;5125;3451;99999;;;6;2730;;;+;781;MOVEON-siirto;;;;
231031;3801;2730;99999;;;2;3454;;;-;195;MOVEON-siirto;;;;
231031;5125;3454;99999;;;2;2730;;;+;195;MOVEON-siirto;;;;
231031;3801;2730;99999;;;2;3455;;;-;195;MOVEON-siirto;;;;
231031;5125;3455;99999;;;2;2730;;;+;195;MOVEON-siirto;;;;
231031;3801;2730;99999;;;3;3461;;;-;391;MOVEON-siirto;;;;
231031;5125;3461;99999;;;3;2730;;;+;391;MOVEON-siirto;;;;
231031;3801;2730;99999;;;7;3499;;;-;937;MOVEON-siirto;;;;
231031;5125;3499;99999;;;7;2730;;;+;937;MOVEON-siirto;;;;
231031;3801;2730;99999;;;31;3510;;;-;3906;MOVEON-siirto;;;;
231031;5126;3510;99999;;;31;2730;;;+;3906;MOVEON-siirto;;;;
231031;3801;2730;99999;;;2;3510;;;-;195;MOVEON-siirto;;;;
231031;5124;3510;99999;;;2;2730;;;+;195;MOVEON-siirto;;;;
231031;3801;2730;99999;;;31;3520;;;-;3906;MOVEON-siirto;;;;
231031;5125;3520;99999;;;31;2730;;;+;3906;MOVEON-siirto;;;;
231031;3801;2730;99999;;;2;3520;;;-;234;MOVEON-siirto;;;;
231031;5124;3520;99999;;;2;2730;;;+;234;MOVEON-siirto;;;;
231031;3801;2730;99999;;;16;3530;;;-;1953;MOVEON-siirto;;;;
231031;5125;3530;99999;;;16;2730;;;+;1953;MOVEON-siirto;;;;
231031;3801;2730;99999;;;22;3540;;;-;2734;MOVEON-siirto;;;;
231031;5125;3540;99999;;;22;2730;;;+;2734;MOVEON-siirto;;;;
231031;3801;2730;99999;;;11;3610;;;-;1367;MOVEON-siirto;;;;
231031;5125;3610;99999;;;11;2730;;;+;1367;MOVEON-siirto;;;;
231031;3801;2730;99999;;;1;3610;;;-;78;MOVEON-siirto;;;;
231031;5124;3610;99999;;;1;2730;;;+;78;MOVEON-siirto;;;;
231031;3801;2730;99999;;;11;3620;;;-;1367;MOVEON-siirto;;;;
231031;5125;3620;99999;;;11;2730;;;+;1367;MOVEON-siirto;;;;
231031;3801;2730;99999;;;3;3633;;;-;391;MOVEON-siirto;;;;
231031;5125;3633;99999;;;3;2730;;;+;391;MOVEON-siirto;;;;
231031;3801;2730;99999;;;6;3640;;;-;781;MOVEON-siirto;;;;
231031;5125;3640;99999;;;6;2730;;;+;781;MOVEON-siirto;;;;
231031;3801;2730;99999;;;1;3640;;;-;78;MOVEON-siirto;;;;
231031;5124;3640;99999;;;1;2730;;;+;78;MOVEON-siirto;;;;
231031;3801;2730;99999;;;3;4110;;;-;391;MOVEON-siirto;;;;
231031;5125;4110;99999;;;3;2730;;;+;391;MOVEON-siirto;;;;
231031;3801;2730;99999;;;19;4110;;;-;2344;MOVEON-siirto;;;;
231031;5125;4110;99999;;;19;2730;;;+;2344;MOVEON-siirto;;;;
231031;3801;2730;99999;;;6;4216;;;-;781;MOVEON-siirto;;;;
231031;5125;4216;99999;;;6;2730;;;+;781;MOVEON-siirto;;;;
231031;3801;2730;99999;;;6;4217;;;-;781;MOVEON-siirto;;;;
231031;5125;4217;99999;;;6;2730;;;+;781;MOVEON-siirto;;;;
231031;3801;2730;99999;;;2;4217;;;-;195;MOVEON-siirto;;;;
231031;5124;4217;99999;;;2;2730;;;+;195;MOVEON-siirto;;;;
231031;3801;2730;99999;;;31;4252;;;-;3906;MOVEON-siirto;;;;
231031;5125;4252;99999;;;31;2730;;;+;3906;MOVEON-siirto;;;;
231031;3801;2730;99999;;;5;4311;;;-;586;MOVEON-siirto;;;;
231031;5124;4311;99999;;;5;2730;;;+;586;MOVEON-siirto;;;;
231031;3801;2730;99999;;;31;4311;;;-;3906;MOVEON-siirto;;;;
231031;5126;4311;99999;;;31;2730;;;+;3906;MOVEON-siirto;;;;
231031;3801;2730;99999;;;62;4314;;;-;7812;MOVEON-siirto;;;;
231031;5126;4314;99999;;;62;2730;;;+;7812;MOVEON-siirto;;;;
231031;3801;2730;99999;;;31;4314;;;-;3945;MOVEON-siirto;;;;
231031;5124;4314;99999;;;31;2730;;;+;3945;MOVEON-siirto;;;;
231031;3801;2730;99999;;;16;4315;;;-;1953;MOVEON-siirto;;;;
231031;5126;4315;99999;;;16;2730;;;+;1953;MOVEON-siirto;;;;
231031;3801;2730;99999;;;6;4315;;;-;781;MOVEON-siirto;;;;
231031;5124;4315;99999;;;6;2730;;;+;781;MOVEON-siirto;;;;
231031;3801;2730;99999;;;16;4321;;;-;1953;MOVEON-siirto;;;;
231031;5125;4321;99999;;;16;2730;;;+;1953;MOVEON-siirto;;;;
231031;3801;2730;99999;;;11;4322;;;-;1367;MOVEON-siirto;;;;
231031;5125;4322;99999;;;11;2730;;;+;1367;MOVEON-siirto;;;;
231031;3801;2730;99999;;;2;4322;;;-;312;MOVEON-siirto;;;;
231031;5124;4322;99999;;;2;2730;;;+;312;MOVEON-siirto;;;;
231031;3801;2730;99999;;;9;4323;;;-;1172;MOVEON-siirto;;;;
231031;5125;4323;99999;;;9;2730;;;+;1172;MOVEON-siirto;;;;
231031;3801;2730;99999;;;11;4324;;;-;1367;MOVEON-siirto;;;;
231031;5125;4324;99999;;;11;2730;;;+;1367;MOVEON-siirto;;;;
231031;3801;2730;99999;;;31;4410;;;-;3906;MOVEON-siirto;;;;
231031;5125;4410;99999;;;31;2730;;;+;3906;MOVEON-siirto;;;;
231031;3801;2730;99999;;;31;4421;;;-;3906;MOVEON-siirto;;;;
231031;5125;4421;99999;;;31;2730;;;+;3906;MOVEON-siirto;;;;
231031;3801;2730;99999;;;4;4422;;;-;508;MOVEON-siirto;;;;
231031;5124;4422;99999;;;4;2730;;;+;508;MOVEON-siirto;;;;
231031;3801;2730;99999;;;62;4511;;;-;7812;MOVEON-siirto;;;;
231031;5125;4511;99999;;;62;2730;;;+;7812;MOVEON-siirto;;;;
231031;3801;2730;99999;;;31;4535;;;-;3906;MOVEON-siirto;;;;
231031;5125;4535;99999;;;31;2730;;;+;3906;MOVEON-siirto;;;;
231031;3801;2730;99999;;;16;4611;;;-;1953;MOVEON-siirto;;;;
231031;5125;4611;99999;;;16;2730;;;+;1953;MOVEON-siirto;;;;
231031;3801;2730;99999;;;16;4612;;;-;1953;MOVEON-siirto;;;;
231031;5125;4612;99999;;;16;2730;;;+;1953;MOVEON-siirto;;;;
231031;3801;2730;99999;;;16;4613;;;-;1953;MOVEON-siirto;;;;
231031;5125;4613;99999;;;16;2730;;;+;1953;MOVEON-siirto;;;;
231031;3801;2730;99999;;;31;4620;;;-;3906;MOVEON-siirto;;;;
231031;5125;4620;99999;;;31;2730;;;+;3906;MOVEON-siirto;;;;
231031;3801;2730;99999;;;31;4620;;;-;3906;MOVEON-siirto;;;;
231031;5126;4620;99999;;;31;2730;;;+;3906;MOVEON-siirto;;;;
231031;3801;2730;99999;;;1;4620;;;-;78;MOVEON-siirto;;;;
231031;5124;4620;99999;;;1;2730;;;+;78;MOVEON-siirto;;;;
231031;3801;2730;99999;;;16;4631;;;-;1953;MOVEON-siirto;;;;
231031;5124;4631;99999;;;16;2730;;;+;1953;MOVEON-siirto;;;;
231031;3801;2730;99999;;;62;4631;;;-;7812;MOVEON-siirto;;;;
231031;5125;4631;99999;;;62;2730;;;+;7812;MOVEON-siirto;;;;
231031;3801;2730;99999;;;31;4633;;;-;3906;MOVEON-siirto;;;;
231031;5125;4633;99999;;;31;2730;;;+;3906;MOVEON-siirto;;;;
231031;3801;2730;99999;;;16;4635;;;-;1953;MOVEON-siirto;;;;
231031;5125;4635;99999;;;16;2730;;;+;1953;MOVEON-siirto;;;;
231031;3801;2730;99999;;;16;4660;;;-;1953;MOVEON-siirto;;;;
231031;5125;4660;99999;;;16;2730;;;+;1953;MOVEON-siirto;;;;
231031;3801;2730;99999;;;16;4661;;;-;1953;MOVEON-siirto;;;;
231031;5125;4661;99999;;;16;2730;;;+;1953;MOVEON-siirto;;;;
231031;3801;2730;99999;;;3;5223;;;-;391;MOVEON-siirto;;;;
231031;5125;5223;99999;;;3;2730;;;+;391;MOVEON-siirto;;;;
231031;3801;2730;99999;;;6;5224;;;-;781;MOVEON-siirto;;;;
231031;5125;5224;99999;;;6;2730;;;+;781;MOVEON-siirto;;;;
231031;3801;2730;99999;;;3;5225;;;-;391;MOVEON-siirto;;;;
231031;5125;5225;99999;;;3;2730;;;+;391;MOVEON-siirto;;;;
231031;3801;2730;99999;;;3;5228;;;-;391;MOVEON-siirto;;;;
231031;5125;5228;99999;;;3;2730;;;+;391;MOVEON-siirto;;;;
231031;3801;2730;99999;;;5;5229;;;-;586;MOVEON-siirto;;;;
231031;5125;5229;99999;;;5;2730;;;+;586;MOVEON-siirto;;;;
231031;3801;2730;99999;;;3;5230;;;-;391;MOVEON-siirto;;;;
231031;5125;5230;99999;;;3;2730;;;+;391;MOVEON-siirto;;;;
231031;3801;2730;99999;;;2;5252;;;-;312;MOVEON-siirto;;;;
231031;5125;5252;99999;;;2;2730;;;+;312;MOVEON-siirto;;;;
231031;3801;2730;99999;;;8;5311;;;-;1016;MOVEON-siirto;;;;
231031;5125;5311;99999;;;8;2730;;;+;1016;MOVEON-siirto;;;;
231031;3801;2730;99999;;;2;5313;;;-;312;MOVEON-siirto;;;;
231031;5125;5313;99999;;;2;2730;;;+;312;MOVEON-siirto;;;;
231031;3801;2730;99999;;;2;5314;;;-;312;MOVEON-siirto;;;;
231031;5125;5314;99999;;;2;2730;;;+;312;MOVEON-siirto;;;;
231031;3801;2730;99999;;;2;5315;;;-;312;MOVEON-siirto;;;;
231031;5125;5315;99999;;;2;2730;;;+;312;MOVEON-siirto;;;;
231031;3801;2730;99999;;;2;5317;;;-;312;MOVEON-siirto;;;;
231031;5125;5317;99999;;;2;2730;;;+;312;MOVEON-siirto;;;;
231031;3801;2730;99999;;;2;5320;;;-;312;MOVEON-siirto;;;;
231031;5125;5320;99999;;;2;2730;;;+;312;MOVEON-siirto;;;;
231031;3801;2730;99999;;;1;5321;;;-;117;MOVEON-siirto;;;;
231031;5125;5321;99999;;;1;2730;;;+;117;MOVEON-siirto;;;;
231031;3801;2730;99999;;;2;5322;;;-;312;MOVEON-siirto;;;;
231031;5125;5322;99999;;;2;2730;;;+;312;MOVEON-siirto;;;;
231031;3801;2730;99999;;;31;5410;;;-;3906;MOVEON-siirto;;;;
231031;5125;5410;99999;;;31;2730;;;+;3906;MOVEON-siirto;;;;
231031;3801;2730;99999;;;155;5421;;;-;19530;MOVEON-siirto;;;;
231031;5125;5421;99999;;;155;2730;;;+;19530;MOVEON-siirto;;;;
231031;3801;2730;99999;;;0;5421;;;-;39;MOVEON-siirto;;;;
231031;5124;5421;99999;;;0;2730;;;+;39;MOVEON-siirto;;;;
231031;3801;2730;99999;;;31;6110;;;-;3906;MOVEON-siirto;;;;
231031;5125;6110;99999;;;31;2730;;;+;3906;MOVEON-siirto;;;;
231031;3801;2730;99999;;;50;6210;;;-;6328;MOVEON-siirto;;;;
231031;5125;6210;99999;;;50;2730;;;+;6328;MOVEON-siirto;;;;
231031;3801;2730;99999;;;36;6210;;;-;4492;MOVEON-siirto;;;;
231031;5124;6210;99999;;;36;2730;;;+;4492;MOVEON-siirto;;;;
231031;3801;2730;99999;;;31;6210;;;-;3906;MOVEON-siirto;;;;
231031;5126;6210;99999;;;31;2730;;;+;3906;MOVEON-siirto;;;;
231031;3801;2730;99999;;;8;6210;;;-;977;MOVEON-siirto;;;;
231031;5124;6210;99999;;;8;2730;;;+;977;MOVEON-siirto;;;;
231031;3801;2730;99999;;;1;6210;;;-;78;MOVEON-siirto;;;;
231031;5125;6210;99999;;;1;2730;;;+;78;MOVEON-siirto;;;;
231031;3801;2730;99999;;;6;6210;;;-;781;MOVEON-siirto;;;;
231031;5124;6210;99999;;;6;2730;;;+;781;MOVEON-siirto;;;;
231031;3801;2730;99999;;;1;6210;;;-;78;MOVEON-siirto;;;;
231031;5125;6210;99999;;;1;2730;;;+;78;MOVEON-siirto;;;;
231031;3801;2730;99999;;;2;6210;;;-;195;MOVEON-siirto;;;;
231031;5124;6210;99999;;;2;2730;;;+;195;MOVEON-siirto;;;;
231031;3801;2730;99999;;;1;6210;;;-;78;MOVEON-siirto;;;;
231031;5125;6210;99999;;;1;2730;;;+;78;MOVEON-siirto;;;;
231031;3801;2730;99999;;;1;6210;;;-;78;MOVEON-siirto;;;;
231031;5125;6210;99999;;;1;2730;;;+;78;MOVEON-siirto;;;;
231031;3801;2730;99999;;;5;6231;;;-;586;MOVEON-siirto;;;;
231031;5124;6231;99999;;;5;2730;;;+;586;MOVEON-siirto;;;;
231031;3801;2730;99999;;;7;6231;;;-;898;MOVEON-siirto;;;;
231031;5125;6231;99999;;;7;2730;;;+;898;MOVEON-siirto;;;;
231031;3801;2730;99999;;;3;6232;;;-;391;MOVEON-siirto;;;;
231031;5124;6232;99999;;;3;2730;;;+;391;MOVEON-siirto;;;;
231031;3801;2730;99999;;;2;6232;;;-;195;MOVEON-siirto;;;;
231031;5125;6232;99999;;;2;2730;;;+;195;MOVEON-siirto;;;;
231031;3801;2730;99999;;;2;6233;;;-;195;MOVEON-siirto;;;;
231031;5124;6233;99999;;;2;2730;;;+;195;MOVEON-siirto;;;;
231031;3801;2730;99999;;;1;6233;;;-;117;MOVEON-siirto;;;;
231031;5125;6233;99999;;;1;2730;;;+;117;MOVEON-siirto;;;;
231031;3801;2730;99999;;;14;6240;;;-;1758;MOVEON-siirto;;;;
231031;5125;6240;99999;;;14;2730;;;+;1758;MOVEON-siirto;;;;
231031;3801;2730;99999;;;1;6240;;;-;156;MOVEON-siirto;;;;
231031;5125;6240;99999;;;1;2730;;;+;156;MOVEON-siirto;;;;
231031;3801;2730;99999;;;9;6240;;;-;1172;MOVEON-siirto;;;;
231031;5124;6240;99999;;;9;2730;;;+;1172;MOVEON-siirto;;;;
231031;3801;2730;99999;;;171;6250;;;-;21483;MOVEON-siirto;;;;
231031;5126;6250;99999;;;171;2730;;;+;21483;MOVEON-siirto;;;;
231031;3801;2730;99999;;;27;6250;;;-;3437;MOVEON-siirto;;;;
231031;5124;6250;99999;;;27;2730;;;+;3437;MOVEON-siirto;;;;
231031;3801;2730;99999;;;31;6250;;;-;3906;MOVEON-siirto;;;;
231031;5125;6250;99999;;;31;2730;;;+;3906;MOVEON-siirto;;;;
231031;3801;2730;99999;;;6;6351;;;-;781;MOVEON-siirto;;;;
231031;5126;6351;99999;;;6;2730;;;+;781;MOVEON-siirto;;;;
231031;3801;2730;99999;;;5;6351;;;-;586;MOVEON-siirto;;;;
231031;5124;6351;99999;;;5;2730;;;+;586;MOVEON-siirto;;;;
231031;3801;2730;99999;;;31;6410;;;-;3906;MOVEON-siirto;;;;
231031;5126;6410;99999;;;31;2730;;;+;3906;MOVEON-siirto;;;;
231031;3801;2730;99999;;;0;6410;;;-;39;MOVEON-siirto;;;;
231031;5124;6410;99999;;;0;2730;;;+;39;MOVEON-siirto;;;;
231031;3801;2730;99999;;;155;6410;;;-;19530;MOVEON-siirto;;;;
231031;5126;6410;99999;;;155;2730;;;+;19530;MOVEON-siirto;;;;
231031;3801;2730;99999;;;31;6430;;;-;3906;MOVEON-siirto;;;;
231031;5125;6430;99999;;;31;2730;;;+;3906;MOVEON-siirto;;;;
231031;3801;2730;99999;;;47;6430;;;-;5976;MOVEON-siirto;;;;
231031;5124;6430;99999;;;47;2730;;;+;5976;MOVEON-siirto;;;;
231031;3801;2730;99999;;;31;6440;;;-;3906;MOVEON-siirto;;;;
231031;5126;6440;99999;;;31;2730;;;+;3906;MOVEON-siirto;;;;
231031;3801;2730;99999;;;1;6450;;;-;156;MOVEON-siirto;;;;
231031;5124;6450;99999;;;1;2730;;;+;156;MOVEON-siirto;;;;
231031;3801;2730;99999;;;31;6511;;;-;3906;MOVEON-siirto;;;;
231031;5126;6511;99999;;;31;2730;;;+;3906;MOVEON-siirto;;;;
231031;3801;2730;99999;;;0;6511;;;-;39;MOVEON-siirto;;;;
231031;5124;6511;99999;;;0;2730;;;+;39;MOVEON-siirto;;;;
231031;3801;2730;99999;;;62;6512;;;-;7812;MOVEON-siirto;;;;
231031;5126;6512;99999;;;62;2730;;;+;7812;MOVEON-siirto;;;;
231031;3801;2730;99999;;;11;6512;;;-;1367;MOVEON-siirto;;;;
231031;5124;6512;99999;;;11;2730;;;+;1367;MOVEON-siirto;;;;
231031;3801;2730;99999;;;12;6514;;;-;1562;MOVEON-siirto;;;;
231031;5124;6514;99999;;;12;2730;;;+;1562;MOVEON-siirto;;;;
231031;3801;2730;99999;;;31;6521;;;-;3906;MOVEON-siirto;;;;
231031;5126;6521;99999;;;31;2730;;;+;3906;MOVEON-siirto;;;;
231031;3801;2730;99999;;;11;6521;;;-;1367;MOVEON-siirto;;;;
231031;5124;6521;99999;;;11;2730;;;+;1367;MOVEON-siirto;;;;
231031;3801;2730;99999;;;47;6522;;;-;5859;MOVEON-siirto;;;;
231031;5126;6522;99999;;;47;2730;;;+;5859;MOVEON-siirto;;;;
231031;3801;2730;99999;;;11;6522;;;-;1367;MOVEON-siirto;;;;
231031;5124;6522;99999;;;11;2730;;;+;1367;MOVEON-siirto;;;;
231031;3801;2730;99999;;;3;6523;;;-;391;MOVEON-siirto;;;;
231031;5124;6523;99999;;;3;2730;;;+;391;MOVEON-siirto;;;;
231031;3801;2730;99999;;;14;6524;;;-;1758;MOVEON-siirto;;;;
231031;5124;6524;99999;;;14;2730;;;+;1758;MOVEON-siirto;;;;
231031;3801;2730;99999;;;31;6524;;;-;3906;MOVEON-siirto;;;;
231031;5126;6524;99999;;;31;2730;;;+;3906;MOVEON-siirto;;;;
231031;3801;2730;99999;;;16;6525;;;-;1953;MOVEON-siirto;;;;
231031;5126;6525;99999;;;16;2730;;;+;1953;MOVEON-siirto;;;;
231031;3801;2730;99999;;;3;6526;;;-;391;MOVEON-siirto;;;;
231031;5124;6526;99999;;;3;2730;;;+;391;MOVEON-siirto;;;;
231031;3801;2730;99999;;;54;6531;;;-;6836;MOVEON-siirto;;;;
231031;5126;6531;99999;;;54;2730;;;+;6836;MOVEON-siirto;;;;
231031;3801;2730;99999;;;10;6531;;;-;1250;MOVEON-siirto;;;;
231031;5124;6531;99999;;;10;2730;;;+;1250;MOVEON-siirto;;;;
231031;3801;2730;99999;;;62;6532;;;-;7812;MOVEON-siirto;;;;
231031;5126;6532;99999;;;62;2730;;;+;7812;MOVEON-siirto;;;;
231031;3801;2730;99999;;;5;6532;;;-;586;MOVEON-siirto;;;;
231031;5124;6532;99999;;;5;2730;;;+;586;MOVEON-siirto;;;;
231031;3801;2730;99999;;;93;6533;;;-;11718;MOVEON-siirto;;;;
231031;5126;6533;99999;;;93;2730;;;+;11718;MOVEON-siirto;;;;
231031;3801;2730;99999;;;53;6533;;;-;6640;MOVEON-siirto;;;;
231031;5124;6533;99999;;;53;2730;;;+;6640;MOVEON-siirto;;;;
231031;3801;2730;99999;;;25;6534;;;-;3125;MOVEON-siirto;;;;
231031;5126;6534;99999;;;25;2730;;;+;3125;MOVEON-siirto;;;;
231031;3801;2730;99999;;;25;6534;;;-;3125;MOVEON-siirto;;;;
231031;5124;6534;99999;;;25;2730;;;+;3125;MOVEON-siirto;;;;
231031;3801;2730;99999;;;31;6541;;;-;3906;MOVEON-siirto;;;;
231031;5126;6541;99999;;;31;2730;;;+;3906;MOVEON-siirto;;;;
231031;3801;2730;99999;;;16;6541;;;-;1953;MOVEON-siirto;;;;
231031;5124;6541;99999;;;16;2730;;;+;1953;MOVEON-siirto;;;;
231031;3801;2730;99999;;;93;6543;;;-;11718;MOVEON-siirto;;;;
231031;5126;6543;99999;;;93;2730;;;+;11718;MOVEON-siirto;;;;
231031;3801;2730;99999;;;26;6543;;;-;3242;MOVEON-siirto;;;;
231031;5124;6543;99999;;;26;2730;;;+;3242;MOVEON-siirto;;;;
231031;3801;2730;99999;;;31;6545;;;-;3906;MOVEON-siirto;;;;
231031;5126;6545;99999;;;31;2730;;;+;3906;MOVEON-siirto;;;;
231031;3801;2730;99999;;;11;6545;;;-;1367;MOVEON-siirto;;;;
231031;5124;6545;99999;;;11;2730;;;+;1367;MOVEON-siirto;;;;
231031;3801;2730;99999;;;62;6551;;;-;7812;MOVEON-siirto;;;;
231031;5126;6551;99999;;;62;2730;;;+;7812;MOVEON-siirto;;;;
231031;3801;2730;99999;;;2;6551;;;-;195;MOVEON-siirto;;;;
231031;5124;6551;99999;;;2;2730;;;+;195;MOVEON-siirto;;;;
231031;3801;2730;99999;;;9;6554;;;-;1172;MOVEON-siirto;;;;
231031;5126;6554;99999;;;9;2730;;;+;1172;MOVEON-siirto;;;;
231031;3801;2730;99999;;;37;6555;;;-;4687;MOVEON-siirto;;;;
231031;5126;6555;99999;;;37;2730;;;+;4687;MOVEON-siirto;;;;
231031;3801;2730;99999;;;9;6555;;;-;1172;MOVEON-siirto;;;;
231031;5124;6555;99999;;;9;2730;;;+;1172;MOVEON-siirto;;;;
231031;3801;2730;99999;;;1;8222;;;-;78;MOVEON-siirto;;;;
231031;5124;8222;99999;;;1;2730;;;+;78;MOVEON-siirto;;;;
