231130;3801;2730;99999;;;36;1520;;;-;8508;MOVEON-siirto;;;;
231130;5126;1520;99999;;;36;2730;;;+;8508;MOVEON-siirto;;;;
231130;3801;2730;99999;;;1;3640;;;-;236;MOVEON-siirto;;;;
231130;5126;3640;99999;;;1;2730;;;+;236;MOVEON-siirto;;;;
231130;3801;2730;99999;;;5;3422;;;-;1182;MOVEON-siirto;;;;
231130;5126;3422;99999;;;5;2730;;;+;1182;MOVEON-siirto;;;;
231130;3801;2730;99999;;;4;3540;;;-;945;MOVEON-siirto;;;;
231130;5126;3540;99999;;;4;2730;;;+;945;MOVEON-siirto;;;;
231130;3801;2730;99999;;;5;4314;;;-;1182;MOVEON-siirto;;;;
231130;5126;4314;99999;;;5;2730;;;+;1182;MOVEON-siirto;;;;
231130;3801;2730;99999;;;2;4315;;;-;473;MOVEON-siirto;;;;
231130;5126;4315;99999;;;2;2730;;;+;473;MOVEON-siirto;;;;
231130;3801;2730;99999;;;1;4321;;;-;236;MOVEON-siirto;;;;
231130;5126;4321;99999;;;1;2730;;;+;236;MOVEON-siirto;;;;
231130;3801;2730;99999;;;10;4322;;;-;2363;MOVEON-siirto;;;;
231130;5126;4322;99999;;;10;2730;;;+;2363;MOVEON-siirto;;;;
231130;3801;2730;99999;;;7;4613;;;-;1654;MOVEON-siirto;;;;
231130;5126;4613;99999;;;7;2730;;;+;1654;MOVEON-siirto;;;;
231130;3801;2730;99999;;;3;4631;;;-;709;MOVEON-siirto;;;;
231130;5126;4631;99999;;;3;2730;;;+;709;MOVEON-siirto;;;;
231130;3801;2730;99999;;;1;4631;;;-;236;MOVEON-siirto;;;;
231130;5126;4631;99999;;;1;2730;;;+;236;MOVEON-siirto;;;;
231130;3801;2730;99999;;;3;4511;;;-;43;MOVEON-siirto;;;;
231130;5126;4511;99999;;;3;2730;;;+;43;MOVEON-siirto;;;;
231130;3801;2730;99999;;;2;2312;;;-;473;MOVEON-siirto;;;;
231130;5126;2312;99999;;;2;2730;;;+;473;MOVEON-siirto;;;;
231130;3801;2730;99999;;;3;2321;;;-;709;MOVEON-siirto;;;;
231130;5126;2321;99999;;;3;2730;;;+;709;MOVEON-siirto;;;;
231130;3801;2730;99999;;;7;2352;;;-;1654;MOVEON-siirto;;;;
231130;5126;2352;99999;;;7;2730;;;+;1654;MOVEON-siirto;;;;
231130;3801;2730;99999;;;12;6250;;;-;2836;MOVEON-siirto;;;;
231130;5126;6250;99999;;;12;2730;;;+;2836;MOVEON-siirto;;;;
231130;3801;2730;99999;;;6;6430;;;-;308;MOVEON-siirto;;;;
231130;5126;6430;99999;;;6;2730;;;+;308;MOVEON-siirto;;;;
231130;3801;2730;99999;;;1;6521;;;-;236;MOVEON-siirto;;;;
231130;5126;6521;99999;;;1;2730;;;+;236;MOVEON-siirto;;;;
231130;3801;2730;99999;;;1;6522;;;-;236;MOVEON-siirto;;;;
231130;5126;6522;99999;;;1;2730;;;+;236;MOVEON-siirto;;;;
231130;3801;2730;99999;;;3;6524;;;-;709;MOVEON-siirto;;;;
231130;5126;6524;99999;;;3;2730;;;+;709;MOVEON-siirto;;;;
231130;3801;2730;99999;;;1;2720;;;-;236;MOVEON-siirto;;;;
231130;5126;2720;99999;;;1;2730;;;+;236;MOVEON-siirto;;;;
231130;3801;2730;99999;;;1;6210;;;-;236;MOVEON-siirto;;;;
231130;5126;6210;99999;;;1;2730;;;+;236;MOVEON-siirto;;;;
231130;3801;2730;99999;;;6;3510;;;-;1418;MOVEON-siirto;;;;
231130;5126;3510;99999;;;6;2730;;;+;1418;MOVEON-siirto;;;;
231130;3801;2730;99999;;;4;3520;;;-;945;MOVEON-siirto;;;;
231130;5126;3520;99999;;;4;2730;;;+;945;MOVEON-siirto;;;;
231130;3801;2730;99999;;;1;6410;;;-;236;MOVEON-siirto;;;;
231130;5126;6410;99999;;;1;2730;;;+;236;MOVEON-siirto;;;;
231130;3801;2730;99999;;;9;6410;;;-;2127;MOVEON-siirto;;;;
231130;5126;6410;99999;;;9;2730;;;+;2127;MOVEON-siirto;;;;
231130;3801;2730;99999;;;5;6511;;;-;1182;MOVEON-siirto;;;;
231130;5126;6511;99999;;;5;2730;;;+;1182;MOVEON-siirto;;;;
231130;3801;2730;99999;;;11;6512;;;-;2600;MOVEON-siirto;;;;
231130;5126;6512;99999;;;11;2730;;;+;2600;MOVEON-siirto;;;;
231130;3801;2730;99999;;;1;6532;;;-;236;MOVEON-siirto;;;;
231130;5126;6532;99999;;;1;2730;;;+;236;MOVEON-siirto;;;;
231130;3801;2730;99999;;;15;6533;;;-;2657;MOVEON-siirto;;;;
231130;5126;6533;99999;;;15;2730;;;+;2657;MOVEON-siirto;;;;
231130;3801;2730;99999;;;9;6534;;;-;2127;MOVEON-siirto;;;;
231130;5126;6534;99999;;;9;2730;;;+;2127;MOVEON-siirto;;;;
231130;3801;2730;99999;;;10;6551;;;-;2363;MOVEON-siirto;;;;
231130;5126;6551;99999;;;10;2730;;;+;2363;MOVEON-siirto;;;;
231130;3801;2730;99999;;;4;1111;;;-;529;MOVEON-siirto;;;;
231130;5124;1111;99999;;;4;2730;;;+;529;MOVEON-siirto;;;;
231130;3801;2730;99999;;;6;1112;;;-;718;MOVEON-siirto;;;;
231130;5124;1112;99999;;;6;2730;;;+;718;MOVEON-siirto;;;;
231130;3801;2730;99999;;;2;1113;;;-;265;MOVEON-siirto;;;;
231130;5124;1113;99999;;;2;2730;;;+;265;MOVEON-siirto;;;;
231130;3801;2730;99999;;;14;1125;;;-;1739;MOVEON-siirto;;;;
231130;5124;1125;99999;;;14;2730;;;+;1739;MOVEON-siirto;;;;
231130;3801;2730;99999;;;2;1126;;;-;189;MOVEON-siirto;;;;
231130;5124;1126;99999;;;2;2730;;;+;189;MOVEON-siirto;;;;
231130;3801;2730;99999;;;5;1153;;;-;605;MOVEON-siirto;;;;
231130;5124;1153;99999;;;5;2730;;;+;605;MOVEON-siirto;;;;
231130;3801;2730;99999;;;6;1410;;;-;756;MOVEON-siirto;;;;
231130;5125;1410;99999;;;6;2730;;;+;756;MOVEON-siirto;;;;
231130;3801;2730;99999;;;1;1520;;;-;113;MOVEON-siirto;;;;
231130;5124;1520;99999;;;1;2730;;;+;113;MOVEON-siirto;;;;
231130;3801;2730;99999;;;0;1610;;;-;38;MOVEON-siirto;;;;
231130;5124;1610;99999;;;0;2730;;;+;38;MOVEON-siirto;;;;
231130;3801;2730;99999;;;0;1620;;;-;38;MOVEON-siirto;;;;
231130;5124;1620;99999;;;0;2730;;;+;38;MOVEON-siirto;;;;
231130;3801;2730;99999;;;23;1630;;;-;2835;MOVEON-siirto;;;;
231130;5125;1630;99999;;;23;2730;;;+;2835;MOVEON-siirto;;;;
231130;3801;2730;99999;;;5;1630;;;-;680;MOVEON-siirto;;;;
231130;5124;1630;99999;;;5;2730;;;+;680;MOVEON-siirto;;;;
231130;3801;2730;99999;;;1;1810;;;-;151;MOVEON-siirto;;;;
231130;5124;1810;99999;;;1;2730;;;+;151;MOVEON-siirto;;;;
231130;3801;2730;99999;;;0;1810;;;-;38;MOVEON-siirto;;;;
231130;5124;1810;99999;;;0;2730;;;+;38;MOVEON-siirto;;;;
231130;3801;2730;99999;;;60;2311;;;-;7560;MOVEON-siirto;;;;
231130;5126;2311;99999;;;60;2730;;;+;7560;MOVEON-siirto;;;;
231130;3801;2730;99999;;;7;2311;;;-;832;MOVEON-siirto;;;;
231130;5124;2311;99999;;;7;2730;;;+;832;MOVEON-siirto;;;;
231130;3801;2730;99999;;;45;2312;;;-;5670;MOVEON-siirto;;;;
231130;5126;2312;99999;;;45;2730;;;+;5670;MOVEON-siirto;;;;
231130;3801;2730;99999;;;15;2312;;;-;1890;MOVEON-siirto;;;;
231130;5124;2312;99999;;;15;2730;;;+;1890;MOVEON-siirto;;;;
231130;3801;2730;99999;;;6;2312;;;-;756;MOVEON-siirto;;;;
231130;5124;2312;99999;;;6;2730;;;+;756;MOVEON-siirto;;;;
231130;3801;2730;99999;;;69;2321;;;-;8694;MOVEON-siirto;;;;
231130;5126;2321;99999;;;69;2730;;;+;8694;MOVEON-siirto;;;;
231130;3801;2730;99999;;;21;2330;;;-;2646;MOVEON-siirto;;;;
231130;5126;2330;99999;;;21;2730;;;+;2646;MOVEON-siirto;;;;
231130;3801;2730;99999;;;15;2351;;;-;1890;MOVEON-siirto;;;;
231130;5126;2351;99999;;;15;2730;;;+;1890;MOVEON-siirto;;;;
231130;3801;2730;99999;;;2;2351;;;-;189;MOVEON-siirto;;;;
231130;5124;2351;99999;;;2;2730;;;+;189;MOVEON-siirto;;;;
231130;3801;2730;99999;;;6;2352;;;-;756;MOVEON-siirto;;;;
231130;5124;2352;99999;;;6;2730;;;+;756;MOVEON-siirto;;;;
231130;3801;2730;99999;;;30;2352;;;-;3780;MOVEON-siirto;;;;
231130;5126;2352;99999;;;30;2730;;;+;3780;MOVEON-siirto;;;;
231130;3801;2730;99999;;;8;2353;;;-;945;MOVEON-siirto;;;;
231130;5126;2353;99999;;;8;2730;;;+;945;MOVEON-siirto;;;;
231130;3801;2730;99999;;;2;2353;;;-;189;MOVEON-siirto;;;;
231130;5124;2353;99999;;;2;2730;;;+;189;MOVEON-siirto;;;;
231130;3801;2730;99999;;;8;2360;;;-;945;MOVEON-siirto;;;;
231130;5126;2360;99999;;;8;2730;;;+;945;MOVEON-siirto;;;;
231130;3801;2730;99999;;;2;2400;;;-;302;MOVEON-siirto;;;;
231130;5124;2400;99999;;;2;2730;;;+;302;MOVEON-siirto;;;;
231130;3801;2730;99999;;;3;3110;;;-;378;MOVEON-siirto;;;;
231130;5125;3110;99999;;;3;2730;;;+;378;MOVEON-siirto;;;;
231130;3801;2730;99999;;;1;3114;;;-;113;MOVEON-siirto;;;;
231130;5124;3114;99999;;;1;2730;;;+;113;MOVEON-siirto;;;;
231130;3801;2730;99999;;;27;3221;;;-;3402;MOVEON-siirto;;;;
231130;5125;3221;99999;;;27;2730;;;+;3402;MOVEON-siirto;;;;
231130;3801;2730;99999;;;0;3221;;;-;38;MOVEON-siirto;;;;
231130;5124;3221;99999;;;0;2730;;;+;38;MOVEON-siirto;;;;
231130;3801;2730;99999;;;0;3222;;;-;38;MOVEON-siirto;;;;
231130;5124;3222;99999;;;0;2730;;;+;38;MOVEON-siirto;;;;
231130;3801;2730;99999;;;0;3232;;;-;38;MOVEON-siirto;;;;
231130;5124;3232;99999;;;0;2730;;;+;38;MOVEON-siirto;;;;
231130;3801;2730;99999;;;5;3310;;;-;680;MOVEON-siirto;;;;
231130;5125;3310;99999;;;5;2730;;;+;680;MOVEON-siirto;;;;
231130;3801;2730;99999;;;2;3320;;;-;302;MOVEON-siirto;;;;
231130;5125;3320;99999;;;2;2730;;;+;302;MOVEON-siirto;;;;
231130;3801;2730;99999;;;8;3330;;;-;1058;MOVEON-siirto;;;;
231130;5125;3330;99999;;;8;2730;;;+;1058;MOVEON-siirto;;;;
231130;3801;2730;99999;;;5;3340;;;-;680;MOVEON-siirto;;;;
231130;5125;3340;99999;;;5;2730;;;+;680;MOVEON-siirto;;;;
231130;3801;2730;99999;;;2;3360;;;-;227;MOVEON-siirto;;;;
231130;5125;3360;99999;;;2;2730;;;+;227;MOVEON-siirto;;;;
231130;3801;2730;99999;;;2;3360;;;-;227;MOVEON-siirto;;;;
231130;5125;3360;99999;;;2;2730;;;+;227;MOVEON-siirto;;;;
231130;3801;2730;99999;;;2;3360;;;-;227;MOVEON-siirto;;;;
231130;5125;3360;99999;;;2;2730;;;+;227;MOVEON-siirto;;;;
231130;3801;2730;99999;;;1;3370;;;-;76;MOVEON-siirto;;;;
231130;5125;3370;99999;;;1;2730;;;+;76;MOVEON-siirto;;;;
231130;3801;2730;99999;;;2;3370;;;-;227;MOVEON-siirto;;;;
231130;5125;3370;99999;;;2;2730;;;+;227;MOVEON-siirto;;;;
231130;3801;2730;99999;;;2;3370;;;-;227;MOVEON-siirto;;;;
231130;5125;3370;99999;;;2;2730;;;+;227;MOVEON-siirto;;;;
231130;3801;2730;99999;;;2;3370;;;-;227;MOVEON-siirto;;;;
231130;5125;3370;99999;;;2;2730;;;+;227;MOVEON-siirto;;;;
231130;3801;2730;99999;;;6;3384;;;-;756;MOVEON-siirto;;;;
231130;5125;3384;99999;;;6;2730;;;+;756;MOVEON-siirto;;;;
231130;3801;2730;99999;;;6;3390;;;-;756;MOVEON-siirto;;;;
231130;5125;3390;99999;;;6;2730;;;+;756;MOVEON-siirto;;;;
231130;3801;2730;99999;;;1;3411;;;-;76;MOVEON-siirto;;;;
231130;5125;3411;99999;;;1;2730;;;+;76;MOVEON-siirto;;;;
231130;3801;2730;99999;;;1;3415;;;-;76;MOVEON-siirto;;;;
231130;5125;3415;99999;;;1;2730;;;+;76;MOVEON-siirto;;;;
231130;3801;2730;99999;;;1;3418;;;-;76;MOVEON-siirto;;;;
231130;5125;3418;99999;;;1;2730;;;+;76;MOVEON-siirto;;;;
231130;3801;2730;99999;;;3;3419;;;-;378;MOVEON-siirto;;;;
231130;5125;3419;99999;;;3;2730;;;+;378;MOVEON-siirto;;;;
231130;3801;2730;99999;;;3;3421;;;-;378;MOVEON-siirto;;;;
231130;5125;3421;99999;;;3;2730;;;+;378;MOVEON-siirto;;;;
231130;3801;2730;99999;;;3;3422;;;-;378;MOVEON-siirto;;;;
231130;5125;3422;99999;;;3;2730;;;+;378;MOVEON-siirto;;;;
231130;3801;2730;99999;;;2;3427;;;-;189;MOVEON-siirto;;;;
231130;5125;3427;99999;;;2;2730;;;+;189;MOVEON-siirto;;;;
231130;3801;2730;99999;;;2;3427;;;-;189;MOVEON-siirto;;;;
231130;5125;3427;99999;;;2;2730;;;+;189;MOVEON-siirto;;;;
231130;3801;2730;99999;;;6;3428;;;-;756;MOVEON-siirto;;;;
231130;5125;3428;99999;;;6;2730;;;+;756;MOVEON-siirto;;;;
231130;3801;2730;99999;;;3;3431;;;-;378;MOVEON-siirto;;;;
231130;5125;3431;99999;;;3;2730;;;+;378;MOVEON-siirto;;;;
231130;3801;2730;99999;;;3;3432;;;-;378;MOVEON-siirto;;;;
231130;5125;3432;99999;;;3;2730;;;+;378;MOVEON-siirto;;;;
231130;3801;2730;99999;;;3;3433;;;-;378;MOVEON-siirto;;;;
231130;5125;3433;99999;;;3;2730;;;+;378;MOVEON-siirto;;;;
231130;3801;2730;99999;;;6;3451;;;-;756;MOVEON-siirto;;;;
231130;5125;3451;99999;;;6;2730;;;+;756;MOVEON-siirto;;;;
231130;3801;2730;99999;;;2;3454;;;-;189;MOVEON-siirto;;;;
231130;5125;3454;99999;;;2;2730;;;+;189;MOVEON-siirto;;;;
231130;3801;2730;99999;;;2;3455;;;-;189;MOVEON-siirto;;;;
231130;5125;3455;99999;;;2;2730;;;+;189;MOVEON-siirto;;;;
231130;3801;2730;99999;;;3;3461;;;-;378;MOVEON-siirto;;;;
231130;5125;3461;99999;;;3;2730;;;+;378;MOVEON-siirto;;;;
231130;3801;2730;99999;;;7;3499;;;-;907;MOVEON-siirto;;;;
231130;5125;3499;99999;;;7;2730;;;+;907;MOVEON-siirto;;;;
231130;3801;2730;99999;;;30;3510;;;-;3780;MOVEON-siirto;;;;
231130;5126;3510;99999;;;30;2730;;;+;3780;MOVEON-siirto;;;;
231130;3801;2730;99999;;;2;3510;;;-;189;MOVEON-siirto;;;;
231130;5124;3510;99999;;;2;2730;;;+;189;MOVEON-siirto;;;;
231130;3801;2730;99999;;;30;3520;;;-;3780;MOVEON-siirto;;;;
231130;5125;3520;99999;;;30;2730;;;+;3780;MOVEON-siirto;;;;
231130;3801;2730;99999;;;2;3520;;;-;189;MOVEON-siirto;;;;
231130;5124;3520;99999;;;2;2730;;;+;189;MOVEON-siirto;;;;
231130;3801;2730;99999;;;15;3530;;;-;1890;MOVEON-siirto;;;;
231130;5125;3530;99999;;;15;2730;;;+;1890;MOVEON-siirto;;;;
231130;3801;2730;99999;;;21;3540;;;-;2646;MOVEON-siirto;;;;
231130;5125;3540;99999;;;21;2730;;;+;2646;MOVEON-siirto;;;;
231130;3801;2730;99999;;;11;3610;;;-;1323;MOVEON-siirto;;;;
231130;5125;3610;99999;;;11;2730;;;+;1323;MOVEON-siirto;;;;
231130;3801;2730;99999;;;11;3620;;;-;1323;MOVEON-siirto;;;;
231130;5125;3620;99999;;;11;2730;;;+;1323;MOVEON-siirto;;;;
231130;3801;2730;99999;;;3;3633;;;-;378;MOVEON-siirto;;;;
231130;5125;3633;99999;;;3;2730;;;+;378;MOVEON-siirto;;;;
231130;3801;2730;99999;;;6;3640;;;-;756;MOVEON-siirto;;;;
231130;5125;3640;99999;;;6;2730;;;+;756;MOVEON-siirto;;;;
231130;3801;2730;99999;;;1;3640;;;-;76;MOVEON-siirto;;;;
231130;5124;3640;99999;;;1;2730;;;+;76;MOVEON-siirto;;;;
231130;3801;2730;99999;;;3;4110;;;-;378;MOVEON-siirto;;;;
231130;5125;4110;99999;;;3;2730;;;+;378;MOVEON-siirto;;;;
231130;3801;2730;99999;;;18;4110;;;-;2268;MOVEON-siirto;;;;
231130;5125;4110;99999;;;18;2730;;;+;2268;MOVEON-siirto;;;;
231130;3801;2730;99999;;;0;4110;;;-;38;MOVEON-siirto;;;;
231130;5124;4110;99999;;;0;2730;;;+;38;MOVEON-siirto;;;;
231130;3801;2730;99999;;;6;4216;;;-;756;MOVEON-siirto;;;;
231130;5125;4216;99999;;;6;2730;;;+;756;MOVEON-siirto;;;;
231130;3801;2730;99999;;;0;4216;;;-;38;MOVEON-siirto;;;;
231130;5124;4216;99999;;;0;2730;;;+;38;MOVEON-siirto;;;;
231130;3801;2730;99999;;;6;4217;;;-;756;MOVEON-siirto;;;;
231130;5125;4217;99999;;;6;2730;;;+;756;MOVEON-siirto;;;;
231130;3801;2730;99999;;;2;4217;;;-;189;MOVEON-siirto;;;;
231130;5124;4217;99999;;;2;2730;;;+;189;MOVEON-siirto;;;;
231130;3801;2730;99999;;;30;4252;;;-;3780;MOVEON-siirto;;;;
231130;5125;4252;99999;;;30;2730;;;+;3780;MOVEON-siirto;;;;
231130;3801;2730;99999;;;5;4311;;;-;567;MOVEON-siirto;;;;
231130;5124;4311;99999;;;5;2730;;;+;567;MOVEON-siirto;;;;
231130;3801;2730;99999;;;30;4311;;;-;3780;MOVEON-siirto;;;;
231130;5126;4311;99999;;;30;2730;;;+;3780;MOVEON-siirto;;;;
231130;3801;2730;99999;;;60;4314;;;-;7560;MOVEON-siirto;;;;
231130;5126;4314;99999;;;60;2730;;;+;7560;MOVEON-siirto;;;;
231130;3801;2730;99999;;;30;4314;;;-;3818;MOVEON-siirto;;;;
231130;5124;4314;99999;;;30;2730;;;+;3818;MOVEON-siirto;;;;
231130;3801;2730;99999;;;15;4315;;;-;1890;MOVEON-siirto;;;;
231130;5126;4315;99999;;;15;2730;;;+;1890;MOVEON-siirto;;;;
231130;3801;2730;99999;;;6;4315;;;-;756;MOVEON-siirto;;;;
231130;5124;4315;99999;;;6;2730;;;+;756;MOVEON-siirto;;;;
231130;3801;2730;99999;;;15;4321;;;-;1890;MOVEON-siirto;;;;
231130;5125;4321;99999;;;15;2730;;;+;1890;MOVEON-siirto;;;;
231130;3801;2730;99999;;;11;4322;;;-;1323;MOVEON-siirto;;;;
231130;5125;4322;99999;;;11;2730;;;+;1323;MOVEON-siirto;;;;
231130;3801;2730;99999;;;2;4322;;;-;302;MOVEON-siirto;;;;
231130;5124;4322;99999;;;2;2730;;;+;302;MOVEON-siirto;;;;
231130;3801;2730;99999;;;9;4323;;;-;1134;MOVEON-siirto;;;;
231130;5125;4323;99999;;;9;2730;;;+;1134;MOVEON-siirto;;;;
231130;3801;2730;99999;;;11;4324;;;-;1323;MOVEON-siirto;;;;
231130;5125;4324;99999;;;11;2730;;;+;1323;MOVEON-siirto;;;;
231130;3801;2730;99999;;;30;4410;;;-;3780;MOVEON-siirto;;;;
231130;5125;4410;99999;;;30;2730;;;+;3780;MOVEON-siirto;;;;
231130;3801;2730;99999;;;1;4410;;;-;113;MOVEON-siirto;;;;
231130;5124;4410;99999;;;1;2730;;;+;113;MOVEON-siirto;;;;
231130;3801;2730;99999;;;30;4421;;;-;3780;MOVEON-siirto;;;;
231130;5125;4421;99999;;;30;2730;;;+;3780;MOVEON-siirto;;;;
231130;3801;2730;99999;;;4;4430;;;-;491;MOVEON-siirto;;;;
231130;5124;4430;99999;;;4;2730;;;+;491;MOVEON-siirto;;;;
231130;3801;2730;99999;;;60;4511;;;-;7560;MOVEON-siirto;;;;
231130;5125;4511;99999;;;60;2730;;;+;7560;MOVEON-siirto;;;;
231130;3801;2730;99999;;;30;4535;;;-;3780;MOVEON-siirto;;;;
231130;5125;4535;99999;;;30;2730;;;+;3780;MOVEON-siirto;;;;
231130;3801;2730;99999;;;15;4611;;;-;1890;MOVEON-siirto;;;;
231130;5125;4611;99999;;;15;2730;;;+;1890;MOVEON-siirto;;;;
231130;3801;2730;99999;;;15;4612;;;-;1890;MOVEON-siirto;;;;
231130;5125;4612;99999;;;15;2730;;;+;1890;MOVEON-siirto;;;;
231130;3801;2730;99999;;;15;4613;;;-;1890;MOVEON-siirto;;;;
231130;5125;4613;99999;;;15;2730;;;+;1890;MOVEON-siirto;;;;
231130;3801;2730;99999;;;30;4620;;;-;3780;MOVEON-siirto;;;;
231130;5125;4620;99999;;;30;2730;;;+;3780;MOVEON-siirto;;;;
231130;3801;2730;99999;;;30;4620;;;-;3780;MOVEON-siirto;;;;
231130;5126;4620;99999;;;30;2730;;;+;3780;MOVEON-siirto;;;;
231130;3801;2730;99999;;;15;4631;;;-;1890;MOVEON-siirto;;;;
231130;5124;4631;99999;;;15;2730;;;+;1890;MOVEON-siirto;;;;
231130;3801;2730;99999;;;60;4631;;;-;7560;MOVEON-siirto;;;;
231130;5125;4631;99999;;;60;2730;;;+;7560;MOVEON-siirto;;;;
231130;3801;2730;99999;;;1;4632;;;-;151;MOVEON-siirto;;;;
231130;5124;4632;99999;;;1;2730;;;+;151;MOVEON-siirto;;;;
231130;3801;2730;99999;;;30;4633;;;-;3780;MOVEON-siirto;;;;
231130;5125;4633;99999;;;30;2730;;;+;3780;MOVEON-siirto;;;;
231130;3801;2730;99999;;;15;4635;;;-;1890;MOVEON-siirto;;;;
231130;5125;4635;99999;;;15;2730;;;+;1890;MOVEON-siirto;;;;
231130;3801;2730;99999;;;15;4660;;;-;1890;MOVEON-siirto;;;;
231130;5125;4660;99999;;;15;2730;;;+;1890;MOVEON-siirto;;;;
231130;3801;2730;99999;;;15;4661;;;-;1890;MOVEON-siirto;;;;
231130;5125;4661;99999;;;15;2730;;;+;1890;MOVEON-siirto;;;;
231130;3801;2730;99999;;;3;5223;;;-;378;MOVEON-siirto;;;;
231130;5125;5223;99999;;;3;2730;;;+;378;MOVEON-siirto;;;;
231130;3801;2730;99999;;;6;5224;;;-;756;MOVEON-siirto;;;;
231130;5125;5224;99999;;;6;2730;;;+;756;MOVEON-siirto;;;;
231130;3801;2730;99999;;;3;5225;;;-;378;MOVEON-siirto;;;;
231130;5125;5225;99999;;;3;2730;;;+;378;MOVEON-siirto;;;;
231130;3801;2730;99999;;;3;5228;;;-;378;MOVEON-siirto;;;;
231130;5125;5228;99999;;;3;2730;;;+;378;MOVEON-siirto;;;;
231130;3801;2730;99999;;;5;5229;;;-;567;MOVEON-siirto;;;;
231130;5125;5229;99999;;;5;2730;;;+;567;MOVEON-siirto;;;;
231130;3801;2730;99999;;;3;5230;;;-;378;MOVEON-siirto;;;;
231130;5125;5230;99999;;;3;2730;;;+;378;MOVEON-siirto;;;;
231130;3801;2730;99999;;;2;5252;;;-;302;MOVEON-siirto;;;;
231130;5125;5252;99999;;;2;2730;;;+;302;MOVEON-siirto;;;;
231130;3801;2730;99999;;;8;5311;;;-;983;MOVEON-siirto;;;;
231130;5125;5311;99999;;;8;2730;;;+;983;MOVEON-siirto;;;;
231130;3801;2730;99999;;;2;5313;;;-;302;MOVEON-siirto;;;;
231130;5125;5313;99999;;;2;2730;;;+;302;MOVEON-siirto;;;;
231130;3801;2730;99999;;;2;5314;;;-;302;MOVEON-siirto;;;;
231130;5125;5314;99999;;;2;2730;;;+;302;MOVEON-siirto;;;;
231130;3801;2730;99999;;;2;5315;;;-;302;MOVEON-siirto;;;;
231130;5125;5315;99999;;;2;2730;;;+;302;MOVEON-siirto;;;;
231130;3801;2730;99999;;;2;5317;;;-;302;MOVEON-siirto;;;;
231130;5125;5317;99999;;;2;2730;;;+;302;MOVEON-siirto;;;;
231130;3801;2730;99999;;;2;5320;;;-;302;MOVEON-siirto;;;;
231130;5125;5320;99999;;;2;2730;;;+;302;MOVEON-siirto;;;;
231130;3801;2730;99999;;;1;5321;;;-;113;MOVEON-siirto;;;;
231130;5125;5321;99999;;;1;2730;;;+;113;MOVEON-siirto;;;;
231130;3801;2730;99999;;;2;5322;;;-;302;MOVEON-siirto;;;;
231130;5125;5322;99999;;;2;2730;;;+;302;MOVEON-siirto;;;;
231130;3801;2730;99999;;;30;5410;;;-;3780;MOVEON-siirto;;;;
231130;5125;5410;99999;;;30;2730;;;+;3780;MOVEON-siirto;;;;
231130;3801;2730;99999;;;150;5421;;;-;18900;MOVEON-siirto;;;;
231130;5125;5421;99999;;;150;2730;;;+;18900;MOVEON-siirto;;;;
231130;3801;2730;99999;;;0;5421;;;-;38;MOVEON-siirto;;;;
231130;5124;5421;99999;;;0;2730;;;+;38;MOVEON-siirto;;;;
231130;3801;2730;99999;;;30;6110;;;-;3780;MOVEON-siirto;;;;
231130;5125;6110;99999;;;30;2730;;;+;3780;MOVEON-siirto;;;;
231130;3801;2730;99999;;;49;6210;;;-;6124;MOVEON-siirto;;;;
231130;5125;6210;99999;;;49;2730;;;+;6124;MOVEON-siirto;;;;
231130;3801;2730;99999;;;35;6210;;;-;4347;MOVEON-siirto;;;;
231130;5124;6210;99999;;;35;2730;;;+;4347;MOVEON-siirto;;;;
231130;3801;2730;99999;;;30;6210;;;-;3780;MOVEON-siirto;;;;
231130;5126;6210;99999;;;30;2730;;;+;3780;MOVEON-siirto;;;;
231130;3801;2730;99999;;;8;6210;;;-;945;MOVEON-siirto;;;;
231130;5124;6210;99999;;;8;2730;;;+;945;MOVEON-siirto;;;;
231130;3801;2730;99999;;;1;6210;;;-;76;MOVEON-siirto;;;;
231130;5125;6210;99999;;;1;2730;;;+;76;MOVEON-siirto;;;;
231130;3801;2730;99999;;;6;6210;;;-;756;MOVEON-siirto;;;;
231130;5124;6210;99999;;;6;2730;;;+;756;MOVEON-siirto;;;;
231130;3801;2730;99999;;;1;6210;;;-;76;MOVEON-siirto;;;;
231130;5125;6210;99999;;;1;2730;;;+;76;MOVEON-siirto;;;;
231130;3801;2730;99999;;;2;6210;;;-;189;MOVEON-siirto;;;;
231130;5124;6210;99999;;;2;2730;;;+;189;MOVEON-siirto;;;;
231130;3801;2730;99999;;;1;6210;;;-;76;MOVEON-siirto;;;;
231130;5125;6210;99999;;;1;2730;;;+;76;MOVEON-siirto;;;;
231130;3801;2730;99999;;;1;6210;;;-;76;MOVEON-siirto;;;;
231130;5125;6210;99999;;;1;2730;;;+;76;MOVEON-siirto;;;;
231130;3801;2730;99999;;;5;6231;;;-;567;MOVEON-siirto;;;;
231130;5124;6231;99999;;;5;2730;;;+;567;MOVEON-siirto;;;;
231130;3801;2730;99999;;;8;6231;;;-;1058;MOVEON-siirto;;;;
231130;5125;6231;99999;;;8;2730;;;+;1058;MOVEON-siirto;;;;
231130;3801;2730;99999;;;3;6232;;;-;378;MOVEON-siirto;;;;
231130;5124;6232;99999;;;3;2730;;;+;378;MOVEON-siirto;;;;
231130;3801;2730;99999;;;2;6232;;;-;189;MOVEON-siirto;;;;
231130;5125;6232;99999;;;2;2730;;;+;189;MOVEON-siirto;;;;
231130;3801;2730;99999;;;2;6233;;;-;189;MOVEON-siirto;;;;
231130;5124;6233;99999;;;2;2730;;;+;189;MOVEON-siirto;;;;
231130;3801;2730;99999;;;1;6233;;;-;113;MOVEON-siirto;;;;
231130;5125;6233;99999;;;1;2730;;;+;113;MOVEON-siirto;;;;
231130;3801;2730;99999;;;14;6240;;;-;1701;MOVEON-siirto;;;;
231130;5125;6240;99999;;;14;2730;;;+;1701;MOVEON-siirto;;;;
231130;3801;2730;99999;;;1;6240;;;-;151;MOVEON-siirto;;;;
231130;5125;6240;99999;;;1;2730;;;+;151;MOVEON-siirto;;;;
231130;3801;2730;99999;;;9;6240;;;-;1134;MOVEON-siirto;;;;
231130;5124;6240;99999;;;9;2730;;;+;1134;MOVEON-siirto;;;;
231130;3801;2730;99999;;;165;6250;;;-;20790;MOVEON-siirto;;;;
231130;5126;6250;99999;;;165;2730;;;+;20790;MOVEON-siirto;;;;
231130;3801;2730;99999;;;24;6250;;;-;3062;MOVEON-siirto;;;;
231130;5124;6250;99999;;;24;2730;;;+;3062;MOVEON-siirto;;;;
231130;3801;2730;99999;;;30;6250;;;-;3780;MOVEON-siirto;;;;
231130;5125;6250;99999;;;30;2730;;;+;3780;MOVEON-siirto;;;;
231130;3801;2730;99999;;;6;6351;;;-;756;MOVEON-siirto;;;;
231130;5126;6351;99999;;;6;2730;;;+;756;MOVEON-siirto;;;;
231130;3801;2730;99999;;;5;6351;;;-;567;MOVEON-siirto;;;;
231130;5124;6351;99999;;;5;2730;;;+;567;MOVEON-siirto;;;;
231130;3801;2730;99999;;;30;6410;;;-;3780;MOVEON-siirto;;;;
231130;5126;6410;99999;;;30;2730;;;+;3780;MOVEON-siirto;;;;
231130;3801;2730;99999;;;1;6410;;;-;76;MOVEON-siirto;;;;
231130;5124;6410;99999;;;1;2730;;;+;76;MOVEON-siirto;;;;
231130;3801;2730;99999;;;150;6410;;;-;18900;MOVEON-siirto;;;;
231130;5126;6410;99999;;;150;2730;;;+;18900;MOVEON-siirto;;;;
231130;3801;2730;99999;;;30;6430;;;-;3780;MOVEON-siirto;;;;
231130;5125;6430;99999;;;30;2730;;;+;3780;MOVEON-siirto;;;;
231130;3801;2730;99999;;;46;6430;;;-;5783;MOVEON-siirto;;;;
231130;5124;6430;99999;;;46;2730;;;+;5783;MOVEON-siirto;;;;
231130;3801;2730;99999;;;30;6440;;;-;3780;MOVEON-siirto;;;;
231130;5126;6440;99999;;;30;2730;;;+;3780;MOVEON-siirto;;;;
231130;3801;2730;99999;;;0;6450;;;-;38;MOVEON-siirto;;;;
231130;5124;6450;99999;;;0;2730;;;+;38;MOVEON-siirto;;;;
231130;3801;2730;99999;;;30;6511;;;-;3780;MOVEON-siirto;;;;
231130;5126;6511;99999;;;30;2730;;;+;3780;MOVEON-siirto;;;;
231130;3801;2730;99999;;;2;6511;;;-;302;MOVEON-siirto;;;;
231130;5124;6511;99999;;;2;2730;;;+;302;MOVEON-siirto;;;;
231130;3801;2730;99999;;;60;6512;;;-;7560;MOVEON-siirto;;;;
231130;5126;6512;99999;;;60;2730;;;+;7560;MOVEON-siirto;;;;
231130;3801;2730;99999;;;11;6512;;;-;1323;MOVEON-siirto;;;;
231130;5124;6512;99999;;;11;2730;;;+;1323;MOVEON-siirto;;;;
231130;3801;2730;99999;;;12;6514;;;-;1512;MOVEON-siirto;;;;
231130;5124;6514;99999;;;12;2730;;;+;1512;MOVEON-siirto;;;;
231130;3801;2730;99999;;;30;6521;;;-;3780;MOVEON-siirto;;;;
231130;5126;6521;99999;;;30;2730;;;+;3780;MOVEON-siirto;;;;
231130;3801;2730;99999;;;11;6521;;;-;1323;MOVEON-siirto;;;;
231130;5124;6521;99999;;;11;2730;;;+;1323;MOVEON-siirto;;;;
231130;3801;2730;99999;;;45;6522;;;-;5670;MOVEON-siirto;;;;
231130;5126;6522;99999;;;45;2730;;;+;5670;MOVEON-siirto;;;;
231130;3801;2730;99999;;;11;6522;;;-;1436;MOVEON-siirto;;;;
231130;5124;6522;99999;;;11;2730;;;+;1436;MOVEON-siirto;;;;
231130;3801;2730;99999;;;3;6523;;;-;378;MOVEON-siirto;;;;
231130;5124;6523;99999;;;3;2730;;;+;378;MOVEON-siirto;;;;
231130;3801;2730;99999;;;14;6524;;;-;1701;MOVEON-siirto;;;;
231130;5124;6524;99999;;;14;2730;;;+;1701;MOVEON-siirto;;;;
231130;3801;2730;99999;;;30;6524;;;-;3780;MOVEON-siirto;;;;
231130;5126;6524;99999;;;30;2730;;;+;3780;MOVEON-siirto;;;;
231130;3801;2730;99999;;;15;6525;;;-;1890;MOVEON-siirto;;;;
231130;5126;6525;99999;;;15;2730;;;+;1890;MOVEON-siirto;;;;
231130;3801;2730;99999;;;0;6525;;;-;38;MOVEON-siirto;;;;
231130;5124;6525;99999;;;0;2730;;;+;38;MOVEON-siirto;;;;
231130;3801;2730;99999;;;3;6526;;;-;378;MOVEON-siirto;;;;
231130;5124;6526;99999;;;3;2730;;;+;378;MOVEON-siirto;;;;
231130;3801;2730;99999;;;53;6531;;;-;6615;MOVEON-siirto;;;;
231130;5126;6531;99999;;;53;2730;;;+;6615;MOVEON-siirto;;;;
231130;3801;2730;99999;;;8;6531;;;-;1021;MOVEON-siirto;;;;
231130;5124;6531;99999;;;8;2730;;;+;1021;MOVEON-siirto;;;;
231130;3801;2730;99999;;;60;6532;;;-;7560;MOVEON-siirto;;;;
231130;5126;6532;99999;;;60;2730;;;+;7560;MOVEON-siirto;;;;
231130;3801;2730;99999;;;5;6532;;;-;567;MOVEON-siirto;;;;
231130;5124;6532;99999;;;5;2730;;;+;567;MOVEON-siirto;;;;
231130;3801;2730;99999;;;90;6533;;;-;11340;MOVEON-siirto;;;;
231130;5126;6533;99999;;;90;2730;;;+;11340;MOVEON-siirto;;;;
231130;3801;2730;99999;;;51;6533;;;-;6426;MOVEON-siirto;;;;
231130;5124;6533;99999;;;51;2730;;;+;6426;MOVEON-siirto;;;;
231130;3801;2730;99999;;;24;6534;;;-;3024;MOVEON-siirto;;;;
231130;5126;6534;99999;;;24;2730;;;+;3024;MOVEON-siirto;;;;
231130;3801;2730;99999;;;24;6534;;;-;3024;MOVEON-siirto;;;;
231130;5124;6534;99999;;;24;2730;;;+;3024;MOVEON-siirto;;;;
231130;3801;2730;99999;;;30;6541;;;-;3780;MOVEON-siirto;;;;
231130;5126;6541;99999;;;30;2730;;;+;3780;MOVEON-siirto;;;;
231130;3801;2730;99999;;;15;6541;;;-;1928;MOVEON-siirto;;;;
231130;5124;6541;99999;;;15;2730;;;+;1928;MOVEON-siirto;;;;
231130;3801;2730;99999;;;90;6543;;;-;11340;MOVEON-siirto;;;;
231130;5126;6543;99999;;;90;2730;;;+;11340;MOVEON-siirto;;;;
231130;3801;2730;99999;;;24;6543;;;-;3062;MOVEON-siirto;;;;
231130;5124;6543;99999;;;24;2730;;;+;3062;MOVEON-siirto;;;;
231130;3801;2730;99999;;;30;6545;;;-;3780;MOVEON-siirto;;;;
231130;5126;6545;99999;;;30;2730;;;+;3780;MOVEON-siirto;;;;
231130;3801;2730;99999;;;11;6545;;;-;1323;MOVEON-siirto;;;;
231130;5124;6545;99999;;;11;2730;;;+;1323;MOVEON-siirto;;;;
231130;3801;2730;99999;;;60;6551;;;-;7560;MOVEON-siirto;;;;
231130;5126;6551;99999;;;60;2730;;;+;7560;MOVEON-siirto;;;;
231130;3801;2730;99999;;;2;6551;;;-;189;MOVEON-siirto;;;;
231130;5124;6551;99999;;;2;2730;;;+;189;MOVEON-siirto;;;;
231130;3801;2730;99999;;;9;6554;;;-;1134;MOVEON-siirto;;;;
231130;5126;6554;99999;;;9;2730;;;+;1134;MOVEON-siirto;;;;
231130;3801;2730;99999;;;36;6555;;;-;4536;MOVEON-siirto;;;;
231130;5126;6555;99999;;;36;2730;;;+;4536;MOVEON-siirto;;;;
231130;3801;2730;99999;;;9;6555;;;-;1134;MOVEON-siirto;;;;
231130;5124;6555;99999;;;9;2730;;;+;1134;MOVEON-siirto;;;;
231130;3801;2730;99999;;;1;8222;;;-;76;MOVEON-siirto;;;;
231130;5124;8222;99999;;;1;2730;;;+;76;MOVEON-siirto;;;;
