230831;3801;2730;99999;;;2;1520;;;-;523;MOVEON-siirto;;;;
230831;5526;1520;99999;;;2;2730;;;+;523;MOVEON-siirto;;;;
230831;3801;2730;99999;;;2;3633;;;-;79;MOVEON-siirto;;;;
230831;5526;3633;99999;;;2;2730;;;+;79;MOVEON-siirto;;;;
230831;3801;2730;99999;;;5;3422;;;-;1308;MOVEON-siirto;;;;
230831;5526;3422;99999;;;5;2730;;;+;1308;MOVEON-siirto;;;;
230831;3801;2730;99999;;;3;3540;;;-;785;MOVEON-siirto;;;;
230831;5526;3540;99999;;;3;2730;;;+;785;MOVEON-siirto;;;;
230831;3801;2730;99999;;;3;4311;;;-;785;MOVEON-siirto;;;;
230831;5526;4311;99999;;;3;2730;;;+;785;MOVEON-siirto;;;;
230831;3801;2730;99999;;;12;4314;;;-;1141;MOVEON-siirto;;;;
230831;5526;4314;99999;;;12;2730;;;+;1141;MOVEON-siirto;;;;
230831;3801;2730;99999;;;12;4322;;;-;3139;MOVEON-siirto;;;;
230831;5526;4322;99999;;;12;2730;;;+;3139;MOVEON-siirto;;;;
230831;3801;2730;99999;;;2;4660;;;-;523;MOVEON-siirto;;;;
230831;5526;4660;99999;;;2;2730;;;+;523;MOVEON-siirto;;;;
230831;3801;2730;99999;;;3;6250;;;-;785;MOVEON-siirto;;;;
230831;5526;6250;99999;;;3;2730;;;+;785;MOVEON-siirto;;;;
230831;3801;2730;99999;;;3;6521;;;-;119;MOVEON-siirto;;;;
230831;5526;6521;99999;;;3;2730;;;+;119;MOVEON-siirto;;;;
230831;3801;2730;99999;;;2;6210;;;-;523;MOVEON-siirto;;;;
230831;5526;6210;99999;;;2;2730;;;+;523;MOVEON-siirto;;;;
230831;3801;2730;99999;;;14;3520;;;-;1886;MOVEON-siirto;;;;
230831;5526;3520;99999;;;14;2730;;;+;1886;MOVEON-siirto;;;;
230831;3801;2730;99999;;;13;6410;;;-;3401;MOVEON-siirto;;;;
230831;5526;6410;99999;;;13;2730;;;+;3401;MOVEON-siirto;;;;
230831;3801;2730;99999;;;2;6511;;;-;523;MOVEON-siirto;;;;
230831;5526;6511;99999;;;2;2730;;;+;523;MOVEON-siirto;;;;
230831;3801;2730;99999;;;2;6512;;;-;523;MOVEON-siirto;;;;
230831;5526;6512;99999;;;2;2730;;;+;523;MOVEON-siirto;;;;
230831;3801;2730;99999;;;1;6531;;;-;262;MOVEON-siirto;;;;
230831;5526;6531;99999;;;1;2730;;;+;262;MOVEON-siirto;;;;
230831;3801;2730;99999;;;9;6532;;;-;2354;MOVEON-siirto;;;;
230831;5526;6532;99999;;;9;2730;;;+;2354;MOVEON-siirto;;;;
230831;3801;2730;99999;;;6;6533;;;-;1569;MOVEON-siirto;;;;
230831;5526;6533;99999;;;6;2730;;;+;1569;MOVEON-siirto;;;;
230831;3801;2730;99999;;;9;6534;;;-;2354;MOVEON-siirto;;;;
230831;5526;6534;99999;;;9;2730;;;+;2354;MOVEON-siirto;;;;
230831;3801;2730;99999;;;20;6543;;;-;5232;MOVEON-siirto;;;;
230831;5526;6543;99999;;;20;2730;;;+;5232;MOVEON-siirto;;;;
230831;3801;2730;99999;;;1;6545;;;-;40;MOVEON-siirto;;;;
230831;5526;6545;99999;;;1;2730;;;+;40;MOVEON-siirto;;;;
230831;3801;2730;99999;;;3;6551;;;-;785;MOVEON-siirto;;;;
230831;5526;6551;99999;;;3;2730;;;+;785;MOVEON-siirto;;;;
230831;3801;2730;99999;;;15;1111;;;-;1836;MOVEON-siirto;;;;
230831;5124;1111;99999;;;15;2730;;;+;1836;MOVEON-siirto;;;;
230831;3801;2730;99999;;;3;1113;;;-;352;MOVEON-siirto;;;;
230831;5124;1113;99999;;;3;2730;;;+;352;MOVEON-siirto;;;;
230831;3801;2730;99999;;;2;1121;;;-;312;MOVEON-siirto;;;;
230831;5124;1121;99999;;;2;2730;;;+;312;MOVEON-siirto;;;;
230831;3801;2730;99999;;;11;1125;;;-;1367;MOVEON-siirto;;;;
230831;5124;1125;99999;;;11;2730;;;+;1367;MOVEON-siirto;;;;
230831;3801;2730;99999;;;7;1153;;;-;937;MOVEON-siirto;;;;
230831;5124;1153;99999;;;7;2730;;;+;937;MOVEON-siirto;;;;
230831;3801;2730;99999;;;3;1212;;;-;391;MOVEON-siirto;;;;
230831;5124;1212;99999;;;3;2730;;;+;391;MOVEON-siirto;;;;
230831;3801;2730;99999;;;1;1216;;;-;78;MOVEON-siirto;;;;
230831;5124;1216;99999;;;1;2730;;;+;78;MOVEON-siirto;;;;
230831;3801;2730;99999;;;6;1410;;;-;781;MOVEON-siirto;;;;
230831;5125;1410;99999;;;6;2730;;;+;781;MOVEON-siirto;;;;
230831;3801;2730;99999;;;2;1520;;;-;312;MOVEON-siirto;;;;
230831;5124;1520;99999;;;2;2730;;;+;312;MOVEON-siirto;;;;
230831;3801;2730;99999;;;1;1610;;;-;117;MOVEON-siirto;;;;
230831;5124;1610;99999;;;1;2730;;;+;117;MOVEON-siirto;;;;
230831;3801;2730;99999;;;47;1630;;;-;5859;MOVEON-siirto;;;;
230831;5125;1630;99999;;;47;2730;;;+;5859;MOVEON-siirto;;;;
230831;3801;2730;99999;;;4;1630;;;-;547;MOVEON-siirto;;;;
230831;5124;1630;99999;;;4;2730;;;+;547;MOVEON-siirto;;;;
230831;3801;2730;99999;;;93;2311;;;-;11718;MOVEON-siirto;;;;
230831;5126;2311;99999;;;93;2730;;;+;11718;MOVEON-siirto;;;;
230831;3801;2730;99999;;;6;2311;;;-;781;MOVEON-siirto;;;;
230831;5124;2311;99999;;;6;2730;;;+;781;MOVEON-siirto;;;;
230831;3801;2730;99999;;;47;2312;;;-;5859;MOVEON-siirto;;;;
230831;5126;2312;99999;;;47;2730;;;+;5859;MOVEON-siirto;;;;
230831;3801;2730;99999;;;16;2312;;;-;1992;MOVEON-siirto;;;;
230831;5124;2312;99999;;;16;2730;;;+;1992;MOVEON-siirto;;;;
230831;3801;2730;99999;;;6;2312;;;-;781;MOVEON-siirto;;;;
230831;5124;2312;99999;;;6;2730;;;+;781;MOVEON-siirto;;;;
230831;3801;2730;99999;;;71;2321;;;-;8984;MOVEON-siirto;;;;
230831;5126;2321;99999;;;71;2730;;;+;8984;MOVEON-siirto;;;;
230831;3801;2730;99999;;;22;2330;;;-;2734;MOVEON-siirto;;;;
230831;5126;2330;99999;;;22;2730;;;+;2734;MOVEON-siirto;;;;
230831;3801;2730;99999;;;16;2351;;;-;1953;MOVEON-siirto;;;;
230831;5126;2351;99999;;;16;2730;;;+;1953;MOVEON-siirto;;;;
230831;3801;2730;99999;;;2;2351;;;-;195;MOVEON-siirto;;;;
230831;5124;2351;99999;;;2;2730;;;+;195;MOVEON-siirto;;;;
230831;3801;2730;99999;;;7;2352;;;-;820;MOVEON-siirto;;;;
230831;5124;2352;99999;;;7;2730;;;+;820;MOVEON-siirto;;;;
230831;3801;2730;99999;;;31;2352;;;-;3906;MOVEON-siirto;;;;
230831;5126;2352;99999;;;31;2730;;;+;3906;MOVEON-siirto;;;;
230831;3801;2730;99999;;;8;2353;;;-;977;MOVEON-siirto;;;;
230831;5126;2353;99999;;;8;2730;;;+;977;MOVEON-siirto;;;;
230831;3801;2730;99999;;;2;2353;;;-;195;MOVEON-siirto;;;;
230831;5124;2353;99999;;;2;2730;;;+;195;MOVEON-siirto;;;;
230831;3801;2730;99999;;;8;2360;;;-;977;MOVEON-siirto;;;;
230831;5126;2360;99999;;;8;2730;;;+;977;MOVEON-siirto;;;;
230831;3801;2730;99999;;;2;2400;;;-;195;MOVEON-siirto;;;;
230831;5124;2400;99999;;;2;2730;;;+;195;MOVEON-siirto;;;;
230831;3801;2730;99999;;;3;3110;;;-;391;MOVEON-siirto;;;;
230831;5125;3110;99999;;;3;2730;;;+;391;MOVEON-siirto;;;;
230831;3801;2730;99999;;;1;3110;;;-;117;MOVEON-siirto;;;;
230831;5124;3110;99999;;;1;2730;;;+;117;MOVEON-siirto;;;;
230831;3801;2730;99999;;;28;3221;;;-;3515;MOVEON-siirto;;;;
230831;5125;3221;99999;;;28;2730;;;+;3515;MOVEON-siirto;;;;
230831;3801;2730;99999;;;6;3310;;;-;703;MOVEON-siirto;;;;
230831;5125;3310;99999;;;6;2730;;;+;703;MOVEON-siirto;;;;
230831;3801;2730;99999;;;2;3320;;;-;312;MOVEON-siirto;;;;
230831;5125;3320;99999;;;2;2730;;;+;312;MOVEON-siirto;;;;
230831;3801;2730;99999;;;9;3330;;;-;1094;MOVEON-siirto;;;;
230831;5125;3330;99999;;;9;2730;;;+;1094;MOVEON-siirto;;;;
230831;3801;2730;99999;;;6;3340;;;-;703;MOVEON-siirto;;;;
230831;5125;3340;99999;;;6;2730;;;+;703;MOVEON-siirto;;;;
230831;3801;2730;99999;;;2;3360;;;-;234;MOVEON-siirto;;;;
230831;5125;3360;99999;;;2;2730;;;+;234;MOVEON-siirto;;;;
230831;3801;2730;99999;;;2;3360;;;-;234;MOVEON-siirto;;;;
230831;5125;3360;99999;;;2;2730;;;+;234;MOVEON-siirto;;;;
230831;3801;2730;99999;;;2;3360;;;-;234;MOVEON-siirto;;;;
230831;5125;3360;99999;;;2;2730;;;+;234;MOVEON-siirto;;;;
230831;3801;2730;99999;;;1;3370;;;-;78;MOVEON-siirto;;;;
230831;5125;3370;99999;;;1;2730;;;+;78;MOVEON-siirto;;;;
230831;3801;2730;99999;;;2;3370;;;-;234;MOVEON-siirto;;;;
230831;5125;3370;99999;;;2;2730;;;+;234;MOVEON-siirto;;;;
230831;3801;2730;99999;;;2;3370;;;-;234;MOVEON-siirto;;;;
230831;5125;3370;99999;;;2;2730;;;+;234;MOVEON-siirto;;;;
230831;3801;2730;99999;;;2;3370;;;-;234;MOVEON-siirto;;;;
230831;5125;3370;99999;;;2;2730;;;+;234;MOVEON-siirto;;;;
230831;3801;2730;99999;;;6;3384;;;-;781;MOVEON-siirto;;;;
230831;5125;3384;99999;;;6;2730;;;+;781;MOVEON-siirto;;;;
230831;3801;2730;99999;;;6;3390;;;-;781;MOVEON-siirto;;;;
230831;5125;3390;99999;;;6;2730;;;+;781;MOVEON-siirto;;;;
230831;3801;2730;99999;;;1;3411;;;-;78;MOVEON-siirto;;;;
230831;5125;3411;99999;;;1;2730;;;+;78;MOVEON-siirto;;;;
230831;3801;2730;99999;;;1;3415;;;-;78;MOVEON-siirto;;;;
230831;5125;3415;99999;;;1;2730;;;+;78;MOVEON-siirto;;;;
230831;3801;2730;99999;;;1;3418;;;-;78;MOVEON-siirto;;;;
230831;5125;3418;99999;;;1;2730;;;+;78;MOVEON-siirto;;;;
230831;3801;2730;99999;;;3;3419;;;-;391;MOVEON-siirto;;;;
230831;5125;3419;99999;;;3;2730;;;+;391;MOVEON-siirto;;;;
230831;3801;2730;99999;;;3;3421;;;-;391;MOVEON-siirto;;;;
230831;5125;3421;99999;;;3;2730;;;+;391;MOVEON-siirto;;;;
230831;3801;2730;99999;;;3;3422;;;-;391;MOVEON-siirto;;;;
230831;5125;3422;99999;;;3;2730;;;+;391;MOVEON-siirto;;;;
230831;3801;2730;99999;;;2;3427;;;-;195;MOVEON-siirto;;;;
230831;5125;3427;99999;;;2;2730;;;+;195;MOVEON-siirto;;;;
230831;3801;2730;99999;;;2;3427;;;-;195;MOVEON-siirto;;;;
230831;5125;3427;99999;;;2;2730;;;+;195;MOVEON-siirto;;;;
230831;3801;2730;99999;;;6;3428;;;-;781;MOVEON-siirto;;;;
230831;5125;3428;99999;;;6;2730;;;+;781;MOVEON-siirto;;;;
230831;3801;2730;99999;;;3;3431;;;-;391;MOVEON-siirto;;;;
230831;5125;3431;99999;;;3;2730;;;+;391;MOVEON-siirto;;;;
230831;3801;2730;99999;;;3;3432;;;-;391;MOVEON-siirto;;;;
230831;5125;3432;99999;;;3;2730;;;+;391;MOVEON-siirto;;;;
230831;3801;2730;99999;;;3;3433;;;-;391;MOVEON-siirto;;;;
230831;5125;3433;99999;;;3;2730;;;+;391;MOVEON-siirto;;;;
230831;3801;2730;99999;;;6;3451;;;-;781;MOVEON-siirto;;;;
230831;5125;3451;99999;;;6;2730;;;+;781;MOVEON-siirto;;;;
230831;3801;2730;99999;;;2;3454;;;-;195;MOVEON-siirto;;;;
230831;5125;3454;99999;;;2;2730;;;+;195;MOVEON-siirto;;;;
230831;3801;2730;99999;;;2;3455;;;-;195;MOVEON-siirto;;;;
230831;5125;3455;99999;;;2;2730;;;+;195;MOVEON-siirto;;;;
230831;3801;2730;99999;;;3;3461;;;-;391;MOVEON-siirto;;;;
230831;5125;3461;99999;;;3;2730;;;+;391;MOVEON-siirto;;;;
230831;3801;2730;99999;;;7;3499;;;-;937;MOVEON-siirto;;;;
230831;5125;3499;99999;;;7;2730;;;+;937;MOVEON-siirto;;;;
230831;3801;2730;99999;;;31;3510;;;-;3906;MOVEON-siirto;;;;
230831;5126;3510;99999;;;31;2730;;;+;3906;MOVEON-siirto;;;;
230831;3801;2730;99999;;;2;3510;;;-;195;MOVEON-siirto;;;;
230831;5124;3510;99999;;;2;2730;;;+;195;MOVEON-siirto;;;;
230831;3801;2730;99999;;;31;3520;;;-;3906;MOVEON-siirto;;;;
230831;5125;3520;99999;;;31;2730;;;+;3906;MOVEON-siirto;;;;
230831;3801;2730;99999;;;2;3520;;;-;234;MOVEON-siirto;;;;
230831;5124;3520;99999;;;2;2730;;;+;234;MOVEON-siirto;;;;
230831;3801;2730;99999;;;3;3530;;;-;391;MOVEON-siirto;;;;
230831;5125;3530;99999;;;3;2730;;;+;391;MOVEON-siirto;;;;
230831;3801;2730;99999;;;22;3540;;;-;2734;MOVEON-siirto;;;;
230831;5125;3540;99999;;;22;2730;;;+;2734;MOVEON-siirto;;;;
230831;3801;2730;99999;;;11;3610;;;-;1367;MOVEON-siirto;;;;
230831;5125;3610;99999;;;11;2730;;;+;1367;MOVEON-siirto;;;;
230831;3801;2730;99999;;;11;3620;;;-;1367;MOVEON-siirto;;;;
230831;5125;3620;99999;;;11;2730;;;+;1367;MOVEON-siirto;;;;
230831;3801;2730;99999;;;3;3633;;;-;391;MOVEON-siirto;;;;
230831;5125;3633;99999;;;3;2730;;;+;391;MOVEON-siirto;;;;
230831;3801;2730;99999;;;6;3640;;;-;781;MOVEON-siirto;;;;
230831;5125;3640;99999;;;6;2730;;;+;781;MOVEON-siirto;;;;
230831;3801;2730;99999;;;1;3640;;;-;78;MOVEON-siirto;;;;
230831;5124;3640;99999;;;1;2730;;;+;78;MOVEON-siirto;;;;
230831;3801;2730;99999;;;3;4110;;;-;391;MOVEON-siirto;;;;
230831;5125;4110;99999;;;3;2730;;;+;391;MOVEON-siirto;;;;
230831;3801;2730;99999;;;1;4110;;;-;117;MOVEON-siirto;;;;
230831;5124;4110;99999;;;1;2730;;;+;117;MOVEON-siirto;;;;
230831;3801;2730;99999;;;19;4110;;;-;2344;MOVEON-siirto;;;;
230831;5125;4110;99999;;;19;2730;;;+;2344;MOVEON-siirto;;;;
230831;3801;2730;99999;;;6;4216;;;-;781;MOVEON-siirto;;;;
230831;5125;4216;99999;;;6;2730;;;+;781;MOVEON-siirto;;;;
230831;3801;2730;99999;;;6;4217;;;-;781;MOVEON-siirto;;;;
230831;5125;4217;99999;;;6;2730;;;+;781;MOVEON-siirto;;;;
230831;3801;2730;99999;;;2;4217;;;-;195;MOVEON-siirto;;;;
230831;5124;4217;99999;;;2;2730;;;+;195;MOVEON-siirto;;;;
230831;3801;2730;99999;;;31;4252;;;-;3906;MOVEON-siirto;;;;
230831;5125;4252;99999;;;31;2730;;;+;3906;MOVEON-siirto;;;;
230831;3801;2730;99999;;;5;4311;;;-;586;MOVEON-siirto;;;;
230831;5124;4311;99999;;;5;2730;;;+;586;MOVEON-siirto;;;;
230831;3801;2730;99999;;;31;4311;;;-;3906;MOVEON-siirto;;;;
230831;5126;4311;99999;;;31;2730;;;+;3906;MOVEON-siirto;;;;
230831;3801;2730;99999;;;62;4314;;;-;7812;MOVEON-siirto;;;;
230831;5126;4314;99999;;;62;2730;;;+;7812;MOVEON-siirto;;;;
230831;3801;2730;99999;;;31;4314;;;-;3906;MOVEON-siirto;;;;
230831;5124;4314;99999;;;31;2730;;;+;3906;MOVEON-siirto;;;;
230831;3801;2730;99999;;;16;4315;;;-;1953;MOVEON-siirto;;;;
230831;5126;4315;99999;;;16;2730;;;+;1953;MOVEON-siirto;;;;
230831;3801;2730;99999;;;6;4315;;;-;781;MOVEON-siirto;;;;
230831;5124;4315;99999;;;6;2730;;;+;781;MOVEON-siirto;;;;
230831;3801;2730;99999;;;16;4321;;;-;1953;MOVEON-siirto;;;;
230831;5125;4321;99999;;;16;2730;;;+;1953;MOVEON-siirto;;;;
230831;3801;2730;99999;;;11;4322;;;-;1367;MOVEON-siirto;;;;
230831;5125;4322;99999;;;11;2730;;;+;1367;MOVEON-siirto;;;;
230831;3801;2730;99999;;;4;4322;;;-;508;MOVEON-siirto;;;;
230831;5124;4322;99999;;;4;2730;;;+;508;MOVEON-siirto;;;;
230831;3801;2730;99999;;;9;4323;;;-;1172;MOVEON-siirto;;;;
230831;5125;4323;99999;;;9;2730;;;+;1172;MOVEON-siirto;;;;
230831;3801;2730;99999;;;11;4324;;;-;1367;MOVEON-siirto;;;;
230831;5125;4324;99999;;;11;2730;;;+;1367;MOVEON-siirto;;;;
230831;3801;2730;99999;;;31;4410;;;-;3906;MOVEON-siirto;;;;
230831;5125;4410;99999;;;31;2730;;;+;3906;MOVEON-siirto;;;;
230831;3801;2730;99999;;;31;4421;;;-;3906;MOVEON-siirto;;;;
230831;5125;4421;99999;;;31;2730;;;+;3906;MOVEON-siirto;;;;
230831;3801;2730;99999;;;62;4511;;;-;7812;MOVEON-siirto;;;;
230831;5125;4511;99999;;;62;2730;;;+;7812;MOVEON-siirto;;;;
230831;3801;2730;99999;;;0;4511;;;-;39;MOVEON-siirto;;;;
230831;5124;4511;99999;;;0;2730;;;+;39;MOVEON-siirto;;;;
230831;3801;2730;99999;;;31;4535;;;-;3906;MOVEON-siirto;;;;
230831;5125;4535;99999;;;31;2730;;;+;3906;MOVEON-siirto;;;;
230831;3801;2730;99999;;;16;4611;;;-;1953;MOVEON-siirto;;;;
230831;5125;4611;99999;;;16;2730;;;+;1953;MOVEON-siirto;;;;
230831;3801;2730;99999;;;16;4612;;;-;1953;MOVEON-siirto;;;;
230831;5125;4612;99999;;;16;2730;;;+;1953;MOVEON-siirto;;;;
230831;3801;2730;99999;;;16;4613;;;-;1953;MOVEON-siirto;;;;
230831;5125;4613;99999;;;16;2730;;;+;1953;MOVEON-siirto;;;;
230831;3801;2730;99999;;;31;4620;;;-;3906;MOVEON-siirto;;;;
230831;5125;4620;99999;;;31;2730;;;+;3906;MOVEON-siirto;;;;
230831;3801;2730;99999;;;31;4620;;;-;3906;MOVEON-siirto;;;;
230831;5126;4620;99999;;;31;2730;;;+;3906;MOVEON-siirto;;;;
230831;3801;2730;99999;;;16;4631;;;-;1953;MOVEON-siirto;;;;
230831;5124;4631;99999;;;16;2730;;;+;1953;MOVEON-siirto;;;;
230831;3801;2730;99999;;;62;4631;;;-;7812;MOVEON-siirto;;;;
230831;5125;4631;99999;;;62;2730;;;+;7812;MOVEON-siirto;;;;
230831;3801;2730;99999;;;31;4633;;;-;3906;MOVEON-siirto;;;;
230831;5125;4633;99999;;;31;2730;;;+;3906;MOVEON-siirto;;;;
230831;3801;2730;99999;;;16;4634;;;-;1953;MOVEON-siirto;;;;
230831;5125;4634;99999;;;16;2730;;;+;1953;MOVEON-siirto;;;;
230831;3801;2730;99999;;;16;4635;;;-;1953;MOVEON-siirto;;;;
230831;5125;4635;99999;;;16;2730;;;+;1953;MOVEON-siirto;;;;
230831;3801;2730;99999;;;1;4646;;;-;78;MOVEON-siirto;;;;
230831;5124;4646;99999;;;1;2730;;;+;78;MOVEON-siirto;;;;
230831;3801;2730;99999;;;16;4660;;;-;1953;MOVEON-siirto;;;;
230831;5125;4660;99999;;;16;2730;;;+;1953;MOVEON-siirto;;;;
230831;3801;2730;99999;;;16;4661;;;-;1953;MOVEON-siirto;;;;
230831;5125;4661;99999;;;16;2730;;;+;1953;MOVEON-siirto;;;;
230831;3801;2730;99999;;;3;5223;;;-;391;MOVEON-siirto;;;;
230831;5125;5223;99999;;;3;2730;;;+;391;MOVEON-siirto;;;;
230831;3801;2730;99999;;;6;5224;;;-;781;MOVEON-siirto;;;;
230831;5125;5224;99999;;;6;2730;;;+;781;MOVEON-siirto;;;;
230831;3801;2730;99999;;;3;5225;;;-;391;MOVEON-siirto;;;;
230831;5125;5225;99999;;;3;2730;;;+;391;MOVEON-siirto;;;;
230831;3801;2730;99999;;;3;5228;;;-;391;MOVEON-siirto;;;;
230831;5125;5228;99999;;;3;2730;;;+;391;MOVEON-siirto;;;;
230831;3801;2730;99999;;;5;5229;;;-;586;MOVEON-siirto;;;;
230831;5125;5229;99999;;;5;2730;;;+;586;MOVEON-siirto;;;;
230831;3801;2730;99999;;;3;5230;;;-;391;MOVEON-siirto;;;;
230831;5125;5230;99999;;;3;2730;;;+;391;MOVEON-siirto;;;;
230831;3801;2730;99999;;;2;5252;;;-;312;MOVEON-siirto;;;;
230831;5125;5252;99999;;;2;2730;;;+;312;MOVEON-siirto;;;;
230831;3801;2730;99999;;;8;5311;;;-;1016;MOVEON-siirto;;;;
230831;5125;5311;99999;;;8;2730;;;+;1016;MOVEON-siirto;;;;
230831;3801;2730;99999;;;2;5313;;;-;312;MOVEON-siirto;;;;
230831;5125;5313;99999;;;2;2730;;;+;312;MOVEON-siirto;;;;
230831;3801;2730;99999;;;2;5314;;;-;312;MOVEON-siirto;;;;
230831;5125;5314;99999;;;2;2730;;;+;312;MOVEON-siirto;;;;
230831;3801;2730;99999;;;2;5315;;;-;312;MOVEON-siirto;;;;
230831;5125;5315;99999;;;2;2730;;;+;312;MOVEON-siirto;;;;
230831;3801;2730;99999;;;2;5317;;;-;312;MOVEON-siirto;;;;
230831;5125;5317;99999;;;2;2730;;;+;312;MOVEON-siirto;;;;
230831;3801;2730;99999;;;2;5320;;;-;312;MOVEON-siirto;;;;
230831;5125;5320;99999;;;2;2730;;;+;312;MOVEON-siirto;;;;
230831;3801;2730;99999;;;1;5321;;;-;117;MOVEON-siirto;;;;
230831;5125;5321;99999;;;1;2730;;;+;117;MOVEON-siirto;;;;
230831;3801;2730;99999;;;2;5322;;;-;312;MOVEON-siirto;;;;
230831;5125;5322;99999;;;2;2730;;;+;312;MOVEON-siirto;;;;
230831;3801;2730;99999;;;31;5410;;;-;3906;MOVEON-siirto;;;;
230831;5125;5410;99999;;;31;2730;;;+;3906;MOVEON-siirto;;;;
230831;3801;2730;99999;;;155;5421;;;-;19530;MOVEON-siirto;;;;
230831;5125;5421;99999;;;155;2730;;;+;19530;MOVEON-siirto;;;;
230831;3801;2730;99999;;;2;5421;;;-;234;MOVEON-siirto;;;;
230831;5124;5421;99999;;;2;2730;;;+;234;MOVEON-siirto;;;;
230831;3801;2730;99999;;;31;6110;;;-;3906;MOVEON-siirto;;;;
230831;5125;6110;99999;;;31;2730;;;+;3906;MOVEON-siirto;;;;
230831;3801;2730;99999;;;50;6210;;;-;6328;MOVEON-siirto;;;;
230831;5125;6210;99999;;;50;2730;;;+;6328;MOVEON-siirto;;;;
230831;3801;2730;99999;;;36;6210;;;-;4492;MOVEON-siirto;;;;
230831;5124;6210;99999;;;36;2730;;;+;4492;MOVEON-siirto;;;;
230831;3801;2730;99999;;;31;6210;;;-;3906;MOVEON-siirto;;;;
230831;5126;6210;99999;;;31;2730;;;+;3906;MOVEON-siirto;;;;
230831;3801;2730;99999;;;8;6210;;;-;977;MOVEON-siirto;;;;
230831;5124;6210;99999;;;8;2730;;;+;977;MOVEON-siirto;;;;
230831;3801;2730;99999;;;1;6210;;;-;78;MOVEON-siirto;;;;
230831;5125;6210;99999;;;1;2730;;;+;78;MOVEON-siirto;;;;
230831;3801;2730;99999;;;6;6210;;;-;781;MOVEON-siirto;;;;
230831;5124;6210;99999;;;6;2730;;;+;781;MOVEON-siirto;;;;
230831;3801;2730;99999;;;1;6210;;;-;78;MOVEON-siirto;;;;
230831;5125;6210;99999;;;1;2730;;;+;78;MOVEON-siirto;;;;
230831;3801;2730;99999;;;2;6210;;;-;195;MOVEON-siirto;;;;
230831;5124;6210;99999;;;2;2730;;;+;195;MOVEON-siirto;;;;
230831;3801;2730;99999;;;1;6210;;;-;78;MOVEON-siirto;;;;
230831;5125;6210;99999;;;1;2730;;;+;78;MOVEON-siirto;;;;
230831;3801;2730;99999;;;1;6210;;;-;78;MOVEON-siirto;;;;
230831;5125;6210;99999;;;1;2730;;;+;78;MOVEON-siirto;;;;
230831;3801;2730;99999;;;5;6231;;;-;586;MOVEON-siirto;;;;
230831;5124;6231;99999;;;5;2730;;;+;586;MOVEON-siirto;;;;
230831;3801;2730;99999;;;15;6231;;;-;1875;MOVEON-siirto;;;;
230831;5125;6231;99999;;;15;2730;;;+;1875;MOVEON-siirto;;;;
230831;3801;2730;99999;;;3;6232;;;-;391;MOVEON-siirto;;;;
230831;5124;6232;99999;;;3;2730;;;+;391;MOVEON-siirto;;;;
230831;3801;2730;99999;;;2;6232;;;-;312;MOVEON-siirto;;;;
230831;5125;6232;99999;;;2;2730;;;+;312;MOVEON-siirto;;;;
230831;3801;2730;99999;;;2;6233;;;-;195;MOVEON-siirto;;;;
230831;5124;6233;99999;;;2;2730;;;+;195;MOVEON-siirto;;;;
230831;3801;2730;99999;;;2;6233;;;-;195;MOVEON-siirto;;;;
230831;5125;6233;99999;;;2;2730;;;+;195;MOVEON-siirto;;;;
230831;3801;2730;99999;;;11;6240;;;-;1367;MOVEON-siirto;;;;
230831;5125;6240;99999;;;11;2730;;;+;1367;MOVEON-siirto;;;;
230831;3801;2730;99999;;;1;6240;;;-;156;MOVEON-siirto;;;;
230831;5125;6240;99999;;;1;2730;;;+;156;MOVEON-siirto;;;;
230831;3801;2730;99999;;;9;6240;;;-;1172;MOVEON-siirto;;;;
230831;5124;6240;99999;;;9;2730;;;+;1172;MOVEON-siirto;;;;
230831;3801;2730;99999;;;140;6250;;;-;17577;MOVEON-siirto;;;;
230831;5126;6250;99999;;;140;2730;;;+;17577;MOVEON-siirto;;;;
230831;3801;2730;99999;;;25;6250;;;-;3125;MOVEON-siirto;;;;
230831;5124;6250;99999;;;25;2730;;;+;3125;MOVEON-siirto;;;;
230831;3801;2730;99999;;;31;6250;;;-;3906;MOVEON-siirto;;;;
230831;5125;6250;99999;;;31;2730;;;+;3906;MOVEON-siirto;;;;
230831;3801;2730;99999;;;6;6351;;;-;781;MOVEON-siirto;;;;
230831;5126;6351;99999;;;6;2730;;;+;781;MOVEON-siirto;;;;
230831;3801;2730;99999;;;5;6351;;;-;586;MOVEON-siirto;;;;
230831;5124;6351;99999;;;5;2730;;;+;586;MOVEON-siirto;;;;
230831;3801;2730;99999;;;31;6410;;;-;3906;MOVEON-siirto;;;;
230831;5126;6410;99999;;;31;2730;;;+;3906;MOVEON-siirto;;;;
230831;3801;2730;99999;;;155;6410;;;-;19530;MOVEON-siirto;;;;
230831;5126;6410;99999;;;155;2730;;;+;19530;MOVEON-siirto;;;;
230831;3801;2730;99999;;;1;6410;;;-;117;MOVEON-siirto;;;;
230831;5124;6410;99999;;;1;2730;;;+;117;MOVEON-siirto;;;;
230831;3801;2730;99999;;;31;6430;;;-;3906;MOVEON-siirto;;;;
230831;5125;6430;99999;;;31;2730;;;+;3906;MOVEON-siirto;;;;
230831;3801;2730;99999;;;47;6430;;;-;5859;MOVEON-siirto;;;;
230831;5124;6430;99999;;;47;2730;;;+;5859;MOVEON-siirto;;;;
230831;3801;2730;99999;;;31;6440;;;-;3906;MOVEON-siirto;;;;
230831;5126;6440;99999;;;31;2730;;;+;3906;MOVEON-siirto;;;;
230831;3801;2730;99999;;;31;6511;;;-;3906;MOVEON-siirto;;;;
230831;5126;6511;99999;;;31;2730;;;+;3906;MOVEON-siirto;;;;
230831;3801;2730;99999;;;62;6512;;;-;7812;MOVEON-siirto;;;;
230831;5126;6512;99999;;;62;2730;;;+;7812;MOVEON-siirto;;;;
230831;3801;2730;99999;;;11;6512;;;-;1367;MOVEON-siirto;;;;
230831;5124;6512;99999;;;11;2730;;;+;1367;MOVEON-siirto;;;;
230831;3801;2730;99999;;;12;6514;;;-;1562;MOVEON-siirto;;;;
230831;5124;6514;99999;;;12;2730;;;+;1562;MOVEON-siirto;;;;
230831;3801;2730;99999;;;62;6521;;;-;7812;MOVEON-siirto;;;;
230831;5126;6521;99999;;;62;2730;;;+;7812;MOVEON-siirto;;;;
230831;3801;2730;99999;;;11;6521;;;-;1367;MOVEON-siirto;;;;
230831;5124;6521;99999;;;11;2730;;;+;1367;MOVEON-siirto;;;;
230831;3801;2730;99999;;;47;6522;;;-;5859;MOVEON-siirto;;;;
230831;5126;6522;99999;;;47;2730;;;+;5859;MOVEON-siirto;;;;
230831;3801;2730;99999;;;12;6522;;;-;1562;MOVEON-siirto;;;;
230831;5124;6522;99999;;;12;2730;;;+;1562;MOVEON-siirto;;;;
230831;3801;2730;99999;;;3;6523;;;-;391;MOVEON-siirto;;;;
230831;5124;6523;99999;;;3;2730;;;+;391;MOVEON-siirto;;;;
230831;3801;2730;99999;;;14;6524;;;-;1758;MOVEON-siirto;;;;
230831;5124;6524;99999;;;14;2730;;;+;1758;MOVEON-siirto;;;;
230831;3801;2730;99999;;;31;6524;;;-;3906;MOVEON-siirto;;;;
230831;5126;6524;99999;;;31;2730;;;+;3906;MOVEON-siirto;;;;
230831;3801;2730;99999;;;16;6525;;;-;1953;MOVEON-siirto;;;;
230831;5126;6525;99999;;;16;2730;;;+;1953;MOVEON-siirto;;;;
230831;3801;2730;99999;;;3;6526;;;-;391;MOVEON-siirto;;;;
230831;5124;6526;99999;;;3;2730;;;+;391;MOVEON-siirto;;;;
230831;3801;2730;99999;;;54;6531;;;-;6836;MOVEON-siirto;;;;
230831;5126;6531;99999;;;54;2730;;;+;6836;MOVEON-siirto;;;;
230831;3801;2730;99999;;;8;6531;;;-;1055;MOVEON-siirto;;;;
230831;5124;6531;99999;;;8;2730;;;+;1055;MOVEON-siirto;;;;
230831;3801;2730;99999;;;31;6532;;;-;3906;MOVEON-siirto;;;;
230831;5126;6532;99999;;;31;2730;;;+;3906;MOVEON-siirto;;;;
230831;3801;2730;99999;;;5;6532;;;-;586;MOVEON-siirto;;;;
230831;5124;6532;99999;;;5;2730;;;+;586;MOVEON-siirto;;;;
230831;3801;2730;99999;;;93;6533;;;-;11718;MOVEON-siirto;;;;
230831;5126;6533;99999;;;93;2730;;;+;11718;MOVEON-siirto;;;;
230831;3801;2730;99999;;;53;6533;;;-;6640;MOVEON-siirto;;;;
230831;5124;6533;99999;;;53;2730;;;+;6640;MOVEON-siirto;;;;
230831;3801;2730;99999;;;25;6534;;;-;3125;MOVEON-siirto;;;;
230831;5126;6534;99999;;;25;2730;;;+;3125;MOVEON-siirto;;;;
230831;3801;2730;99999;;;25;6534;;;-;3125;MOVEON-siirto;;;;
230831;5124;6534;99999;;;25;2730;;;+;3125;MOVEON-siirto;;;;
230831;3801;2730;99999;;;31;6541;;;-;3906;MOVEON-siirto;;;;
230831;5126;6541;99999;;;31;2730;;;+;3906;MOVEON-siirto;;;;
230831;3801;2730;99999;;;16;6541;;;-;2031;MOVEON-siirto;;;;
230831;5124;6541;99999;;;16;2730;;;+;2031;MOVEON-siirto;;;;
230831;3801;2730;99999;;;62;6543;;;-;7812;MOVEON-siirto;;;;
230831;5126;6543;99999;;;62;2730;;;+;7812;MOVEON-siirto;;;;
230831;3801;2730;99999;;;25;6543;;;-;3125;MOVEON-siirto;;;;
230831;5124;6543;99999;;;25;2730;;;+;3125;MOVEON-siirto;;;;
230831;3801;2730;99999;;;31;6545;;;-;3906;MOVEON-siirto;;;;
230831;5126;6545;99999;;;31;2730;;;+;3906;MOVEON-siirto;;;;
230831;3801;2730;99999;;;11;6545;;;-;1367;MOVEON-siirto;;;;
230831;5124;6545;99999;;;11;2730;;;+;1367;MOVEON-siirto;;;;
230831;3801;2730;99999;;;62;6551;;;-;7812;MOVEON-siirto;;;;
230831;5126;6551;99999;;;62;2730;;;+;7812;MOVEON-siirto;;;;
230831;3801;2730;99999;;;2;6551;;;-;195;MOVEON-siirto;;;;
230831;5124;6551;99999;;;2;2730;;;+;195;MOVEON-siirto;;;;
230831;3801;2730;99999;;;9;6554;;;-;1172;MOVEON-siirto;;;;
230831;5126;6554;99999;;;9;2730;;;+;1172;MOVEON-siirto;;;;
230831;3801;2730;99999;;;37;6555;;;-;4687;MOVEON-siirto;;;;
230831;5126;6555;99999;;;37;2730;;;+;4687;MOVEON-siirto;;;;
230831;3801;2730;99999;;;9;6555;;;-;1172;MOVEON-siirto;;;;
230831;5124;6555;99999;;;9;2730;;;+;1172;MOVEON-siirto;;;;
