211231;3801;2730;99999;;;4;6451;;;-;899;MOVEON-siirto;;;;
211231;5526;6451;99999;;;4;2730;;;+;899;MOVEON-siirto;;;;
211231;3801;2730;99999;;;5;4314;;;-;1124;MOVEON-siirto;;;;
211231;5526;4314;99999;;;5;2730;;;+;1124;MOVEON-siirto;;;;
211231;3801;2730;99999;;;3;4611;;;-;452;MOVEON-siirto;;;;
211231;5526;4611;99999;;;3;2730;;;+;452;MOVEON-siirto;;;;
211231;3801;2730;99999;;;3;4631;;;-;674;MOVEON-siirto;;;;
211231;5526;4631;99999;;;3;2730;;;+;674;MOVEON-siirto;;;;
211231;3801;2730;99999;;;2;4632;;;-;228;MOVEON-siirto;;;;
211231;5526;4632;99999;;;2;2730;;;+;228;MOVEON-siirto;;;;
211231;3801;2730;99999;;;7;2311;;;-;1574;MOVEON-siirto;;;;
211231;5526;2311;99999;;;7;2730;;;+;1574;MOVEON-siirto;;;;
211231;3801;2730;99999;;;1;2312;;;-;225;MOVEON-siirto;;;;
211231;5526;2312;99999;;;1;2730;;;+;225;MOVEON-siirto;;;;
211231;3801;2730;99999;;;1;6521;;;-;225;MOVEON-siirto;;;;
211231;5526;6521;99999;;;1;2730;;;+;225;MOVEON-siirto;;;;
211231;3801;2730;99999;;;1;6522;;;-;225;MOVEON-siirto;;;;
211231;5526;6522;99999;;;1;2730;;;+;225;MOVEON-siirto;;;;
211231;3801;2730;99999;;;7;6532;;;-;1574;MOVEON-siirto;;;;
211231;5526;6532;99999;;;7;2730;;;+;1574;MOVEON-siirto;;;;
211231;3801;2730;99999;;;7;6533;;;-;1574;MOVEON-siirto;;;;
211231;5526;6533;99999;;;7;2730;;;+;1574;MOVEON-siirto;;;;
211231;3801;2730;99999;;;4;6543;;;-;899;MOVEON-siirto;;;;
211231;5526;6543;99999;;;4;2730;;;+;899;MOVEON-siirto;;;;
211231;3801;2730;99999;;;3;6545;;;-;674;MOVEON-siirto;;;;
211231;5526;6545;99999;;;3;2730;;;+;674;MOVEON-siirto;;;;
211231;3801;2730;99999;;;14;6551;;;-;3147;MOVEON-siirto;;;;
211231;5526;6551;99999;;;14;2730;;;+;3147;MOVEON-siirto;;;;
211231;3801;2730;99999;;;1;6210;;;-;225;MOVEON-siirto;;;;
211231;5526;6210;99999;;;1;2730;;;+;225;MOVEON-siirto;;;;
211231;3801;2710;99999;;;10;1111;;;-;1211;MOVEON-siirto;;;;
211231;5524;1111;99999;;;10;2710;;;+;1211;MOVEON-siirto;;;;
211231;3801;2710;99999;;;9;1114;;;-;1172;MOVEON-siirto;;;;
211231;5524;1114;99999;;;9;2710;;;+;1172;MOVEON-siirto;;;;
211231;3801;2710;99999;;;0;1121;;;-;39;MOVEON-siirto;;;;
211231;5524;1121;99999;;;0;2710;;;+;39;MOVEON-siirto;;;;
211231;3801;2710;99999;;;2;1122;;;-;273;MOVEON-siirto;;;;
211231;5524;1122;99999;;;2;2710;;;+;273;MOVEON-siirto;;;;
211231;3801;2720;99999;;;6;1410;;;-;781;MOVEON-siirto;;;;
211231;5525;1410;99999;;;6;2720;;;+;781;MOVEON-siirto;;;;
211231;3801;2710;99999;;;0;1511;;;-;39;MOVEON-siirto;;;;
211231;5524;1511;99999;;;0;2710;;;+;39;MOVEON-siirto;;;;
211231;3801;2710;99999;;;2;1520;;;-;234;MOVEON-siirto;;;;
211231;5524;1520;99999;;;2;2710;;;+;234;MOVEON-siirto;;;;
211231;3801;2710;99999;;;2;1610;;;-;195;MOVEON-siirto;;;;
211231;5524;1610;99999;;;2;2710;;;+;195;MOVEON-siirto;;;;
211231;3801;2710;99999;;;1;1630;;;-;78;MOVEON-siirto;;;;
211231;5524;1630;99999;;;1;2710;;;+;78;MOVEON-siirto;;;;
211231;3801;2710;99999;;;2;1810;;;-;273;MOVEON-siirto;;;;
211231;5524;1810;99999;;;2;2710;;;+;273;MOVEON-siirto;;;;
211231;3801;2730;99999;;;56;2311;;;-;7031;MOVEON-siirto;;;;
211231;5526;2311;99999;;;56;2730;;;+;7031;MOVEON-siirto;;;;
211231;3801;2710;99999;;;7;2311;;;-;820;MOVEON-siirto;;;;
211231;5524;2311;99999;;;7;2710;;;+;820;MOVEON-siirto;;;;
211231;3801;2730;99999;;;37;2312;;;-;4687;MOVEON-siirto;;;;
211231;5526;2312;99999;;;37;2730;;;+;4687;MOVEON-siirto;;;;
211231;3801;2710;99999;;;16;2312;;;-;1992;MOVEON-siirto;;;;
211231;5524;2312;99999;;;16;2710;;;+;1992;MOVEON-siirto;;;;
211231;3801;2710;99999;;;6;2312;;;-;781;MOVEON-siirto;;;;
211231;5524;2312;99999;;;6;2710;;;+;781;MOVEON-siirto;;;;
211231;3801;2730;99999;;;40;2320;;;-;5078;MOVEON-siirto;;;;
211231;5526;2320;99999;;;40;2730;;;+;5078;MOVEON-siirto;;;;
211231;3801;2710;99999;;;2;2320;;;-;234;MOVEON-siirto;;;;
211231;5524;2320;99999;;;2;2710;;;+;234;MOVEON-siirto;;;;
211231;3801;2730;99999;;;22;2330;;;-;2734;MOVEON-siirto;;;;
211231;5526;2330;99999;;;22;2730;;;+;2734;MOVEON-siirto;;;;
211231;3801;2710;99999;;;0;2330;;;-;39;MOVEON-siirto;;;;
211231;5524;2330;99999;;;0;2710;;;+;39;MOVEON-siirto;;;;
211231;3801;2730;99999;;;16;2351;;;-;1953;MOVEON-siirto;;;;
211231;5526;2351;99999;;;16;2730;;;+;1953;MOVEON-siirto;;;;
211231;3801;2710;99999;;;2;2351;;;-;195;MOVEON-siirto;;;;
211231;5524;2351;99999;;;2;2710;;;+;195;MOVEON-siirto;;;;
211231;3801;2730;99999;;;31;2352;;;-;3906;MOVEON-siirto;;;;
211231;5526;2352;99999;;;31;2730;;;+;3906;MOVEON-siirto;;;;
211231;3801;2710;99999;;;6;2352;;;-;781;MOVEON-siirto;;;;
211231;5524;2352;99999;;;6;2710;;;+;781;MOVEON-siirto;;;;
211231;3801;2730;99999;;;8;2353;;;-;977;MOVEON-siirto;;;;
211231;5526;2353;99999;;;8;2730;;;+;977;MOVEON-siirto;;;;
211231;3801;2710;99999;;;2;2353;;;-;195;MOVEON-siirto;;;;
211231;5524;2353;99999;;;2;2710;;;+;195;MOVEON-siirto;;;;
211231;3801;2730;99999;;;8;2360;;;-;977;MOVEON-siirto;;;;
211231;5526;2360;99999;;;8;2730;;;+;977;MOVEON-siirto;;;;
211231;3801;2710;99999;;;2;2400;;;-;234;MOVEON-siirto;;;;
211231;5524;2400;99999;;;2;2710;;;+;234;MOVEON-siirto;;;;
211231;3801;2720;99999;;;3;3110;;;-;391;MOVEON-siirto;;;;
211231;5525;3110;99999;;;3;2720;;;+;391;MOVEON-siirto;;;;
211231;3801;2710;99999;;;1;3110;;;-;78;MOVEON-siirto;;;;
211231;5524;3110;99999;;;1;2710;;;+;78;MOVEON-siirto;;;;
211231;3801;2720;99999;;;28;3221;;;-;3515;MOVEON-siirto;;;;
211231;5525;3221;99999;;;28;2720;;;+;3515;MOVEON-siirto;;;;
211231;3801;2710;99999;;;1;3222;;;-;117;MOVEON-siirto;;;;
211231;5524;3222;99999;;;1;2710;;;+;117;MOVEON-siirto;;;;
211231;3801;2720;99999;;;8;3310;;;-;977;MOVEON-siirto;;;;
211231;5525;3310;99999;;;8;2720;;;+;977;MOVEON-siirto;;;;
211231;3801;2720;99999;;;8;3320;;;-;977;MOVEON-siirto;;;;
211231;5525;3320;99999;;;8;2720;;;+;977;MOVEON-siirto;;;;
211231;3801;2720;99999;;;8;3330;;;-;977;MOVEON-siirto;;;;
211231;5525;3330;99999;;;8;2720;;;+;977;MOVEON-siirto;;;;
211231;3801;2720;99999;;;8;3340;;;-;977;MOVEON-siirto;;;;
211231;5525;3340;99999;;;8;2720;;;+;977;MOVEON-siirto;;;;
211231;3801;2720;99999;;;4;3350;;;-;508;MOVEON-siirto;;;;
211231;5525;3350;99999;;;4;2720;;;+;508;MOVEON-siirto;;;;
211231;3801;2720;99999;;;4;3360;;;-;508;MOVEON-siirto;;;;
211231;5525;3360;99999;;;4;2720;;;+;508;MOVEON-siirto;;;;
211231;3801;2720;99999;;;4;3370;;;-;508;MOVEON-siirto;;;;
211231;5525;3370;99999;;;4;2720;;;+;508;MOVEON-siirto;;;;
211231;3801;2720;99999;;;6;3384;;;-;781;MOVEON-siirto;;;;
211231;5525;3384;99999;;;6;2720;;;+;781;MOVEON-siirto;;;;
211231;3801;2720;99999;;;6;3390;;;-;781;MOVEON-siirto;;;;
211231;5525;3390;99999;;;6;2720;;;+;781;MOVEON-siirto;;;;
211231;3801;2720;99999;;;0;3415;;;-;39;MOVEON-siirto;;;;
211231;5525;3415;99999;;;0;2720;;;+;39;MOVEON-siirto;;;;
211231;3801;2720;99999;;;0;3418;;;-;39;MOVEON-siirto;;;;
211231;5525;3418;99999;;;0;2720;;;+;39;MOVEON-siirto;;;;
211231;3801;2720;99999;;;3;3419;;;-;391;MOVEON-siirto;;;;
211231;5525;3419;99999;;;3;2720;;;+;391;MOVEON-siirto;;;;
211231;3801;2720;99999;;;3;3420;;;-;391;MOVEON-siirto;;;;
211231;5525;3420;99999;;;3;2720;;;+;391;MOVEON-siirto;;;;
211231;3801;2720;99999;;;3;3421;;;-;391;MOVEON-siirto;;;;
211231;5525;3421;99999;;;3;2720;;;+;391;MOVEON-siirto;;;;
211231;3801;2720;99999;;;6;3422;;;-;781;MOVEON-siirto;;;;
211231;5525;3422;99999;;;6;2720;;;+;781;MOVEON-siirto;;;;
211231;3801;2720;99999;;;1;3425;;;-;156;MOVEON-siirto;;;;
211231;5525;3425;99999;;;1;2720;;;+;156;MOVEON-siirto;;;;
211231;3801;2720;99999;;;1;3426;;;-;156;MOVEON-siirto;;;;
211231;5525;3426;99999;;;1;2720;;;+;156;MOVEON-siirto;;;;
211231;3801;2720;99999;;;2;3427;;;-;195;MOVEON-siirto;;;;
211231;5525;3427;99999;;;2;2720;;;+;195;MOVEON-siirto;;;;
211231;3801;2720;99999;;;2;3427;;;-;195;MOVEON-siirto;;;;
211231;5525;3427;99999;;;2;2720;;;+;195;MOVEON-siirto;;;;
211231;3801;2720;99999;;;6;3428;;;-;781;MOVEON-siirto;;;;
211231;5525;3428;99999;;;6;2720;;;+;781;MOVEON-siirto;;;;
211231;3801;2720;99999;;;3;3431;;;-;391;MOVEON-siirto;;;;
211231;5525;3431;99999;;;3;2720;;;+;391;MOVEON-siirto;;;;
211231;3801;2720;99999;;;3;3432;;;-;391;MOVEON-siirto;;;;
211231;5525;3432;99999;;;3;2720;;;+;391;MOVEON-siirto;;;;
211231;3801;2720;99999;;;3;3433;;;-;391;MOVEON-siirto;;;;
211231;5525;3433;99999;;;3;2720;;;+;391;MOVEON-siirto;;;;
211231;3801;2720;99999;;;6;3451;;;-;781;MOVEON-siirto;;;;
211231;5525;3451;99999;;;6;2720;;;+;781;MOVEON-siirto;;;;
211231;3801;2720;99999;;;2;3454;;;-;195;MOVEON-siirto;;;;
211231;5525;3454;99999;;;2;2720;;;+;195;MOVEON-siirto;;;;
211231;3801;2720;99999;;;2;3455;;;-;195;MOVEON-siirto;;;;
211231;5525;3455;99999;;;2;2720;;;+;195;MOVEON-siirto;;;;
211231;3801;2720;99999;;;2;3456;;;-;195;MOVEON-siirto;;;;
211231;5525;3456;99999;;;2;2720;;;+;195;MOVEON-siirto;;;;
211231;3801;2720;99999;;;1;3458;;;-;156;MOVEON-siirto;;;;
211231;5525;3458;99999;;;1;2720;;;+;156;MOVEON-siirto;;;;
211231;3801;2720;99999;;;1;3459;;;-;156;MOVEON-siirto;;;;
211231;5525;3459;99999;;;1;2720;;;+;156;MOVEON-siirto;;;;
211231;3801;2720;99999;;;3;3461;;;-;391;MOVEON-siirto;;;;
211231;5525;3461;99999;;;3;2720;;;+;391;MOVEON-siirto;;;;
211231;3801;2720;99999;;;31;3510;;;-;3906;MOVEON-siirto;;;;
211231;5525;3510;99999;;;31;2720;;;+;3906;MOVEON-siirto;;;;
211231;3801;2710;99999;;;2;3510;;;-;195;MOVEON-siirto;;;;
211231;5524;3510;99999;;;2;2710;;;+;195;MOVEON-siirto;;;;
211231;3801;2720;99999;;;31;3520;;;-;3906;MOVEON-siirto;;;;
211231;5525;3520;99999;;;31;2720;;;+;3906;MOVEON-siirto;;;;
211231;3801;2710;99999;;;2;3520;;;-;195;MOVEON-siirto;;;;
211231;5524;3520;99999;;;2;2710;;;+;195;MOVEON-siirto;;;;
211231;3801;2720;99999;;;3;3530;;;-;391;MOVEON-siirto;;;;
211231;5525;3530;99999;;;3;2720;;;+;391;MOVEON-siirto;;;;
211231;3801;2720;99999;;;22;3540;;;-;2734;MOVEON-siirto;;;;
211231;5525;3540;99999;;;22;2720;;;+;2734;MOVEON-siirto;;;;
211231;3801;2720;99999;;;11;3610;;;-;1367;MOVEON-siirto;;;;
211231;5525;3610;99999;;;11;2720;;;+;1367;MOVEON-siirto;;;;
211231;3801;2720;99999;;;11;3620;;;-;1367;MOVEON-siirto;;;;
211231;5525;3620;99999;;;11;2720;;;+;1367;MOVEON-siirto;;;;
211231;3801;2720;99999;;;3;3633;;;-;391;MOVEON-siirto;;;;
211231;5525;3633;99999;;;3;2720;;;+;391;MOVEON-siirto;;;;
211231;3801;2710;99999;;;1;3640;;;-;78;MOVEON-siirto;;;;
211231;5524;3640;99999;;;1;2710;;;+;78;MOVEON-siirto;;;;
211231;3801;2720;99999;;;6;3640;;;-;781;MOVEON-siirto;;;;
211231;5525;3640;99999;;;6;2720;;;+;781;MOVEON-siirto;;;;
211231;3801;2720;99999;;;19;4110;;;-;2344;MOVEON-siirto;;;;
211231;5525;4110;99999;;;19;2720;;;+;2344;MOVEON-siirto;;;;
211231;3801;2720;99999;;;7;4211;;;-;898;MOVEON-siirto;;;;
211231;5525;4211;99999;;;7;2720;;;+;898;MOVEON-siirto;;;;
211231;3801;2710;99999;;;6;4211;;;-;781;MOVEON-siirto;;;;
211231;5524;4211;99999;;;6;2710;;;+;781;MOVEON-siirto;;;;
211231;3801;2720;99999;;;7;4212;;;-;898;MOVEON-siirto;;;;
211231;5525;4212;99999;;;7;2720;;;+;898;MOVEON-siirto;;;;
211231;3801;2710;99999;;;2;4212;;;-;195;MOVEON-siirto;;;;
211231;5524;4212;99999;;;2;2710;;;+;195;MOVEON-siirto;;;;
211231;3801;2720;99999;;;1;4220;;;-;117;MOVEON-siirto;;;;
211231;5525;4220;99999;;;1;2720;;;+;117;MOVEON-siirto;;;;
211231;3801;2720;99999;;;31;4252;;;-;3906;MOVEON-siirto;;;;
211231;5525;4252;99999;;;31;2720;;;+;3906;MOVEON-siirto;;;;
211231;3801;2730;99999;;;31;4311;;;-;3906;MOVEON-siirto;;;;
211231;5526;4311;99999;;;31;2730;;;+;3906;MOVEON-siirto;;;;
211231;3801;2710;99999;;;5;4311;;;-;586;MOVEON-siirto;;;;
211231;5524;4311;99999;;;5;2710;;;+;586;MOVEON-siirto;;;;
211231;3801;2730;99999;;;62;4314;;;-;7812;MOVEON-siirto;;;;
211231;5526;4314;99999;;;62;2730;;;+;7812;MOVEON-siirto;;;;
211231;3801;2710;99999;;;31;4314;;;-;3906;MOVEON-siirto;;;;
211231;5524;4314;99999;;;31;2710;;;+;3906;MOVEON-siirto;;;;
211231;3801;2710;99999;;;6;4315;;;-;781;MOVEON-siirto;;;;
211231;5524;4315;99999;;;6;2710;;;+;781;MOVEON-siirto;;;;
211231;3801;2730;99999;;;16;4315;;;-;1953;MOVEON-siirto;;;;
211231;5526;4315;99999;;;16;2730;;;+;1953;MOVEON-siirto;;;;
211231;3801;2720;99999;;;16;4321;;;-;1953;MOVEON-siirto;;;;
211231;5525;4321;99999;;;16;2720;;;+;1953;MOVEON-siirto;;;;
211231;3801;2720;99999;;;11;4322;;;-;1367;MOVEON-siirto;;;;
211231;5525;4322;99999;;;11;2720;;;+;1367;MOVEON-siirto;;;;
211231;3801;2710;99999;;;3;4322;;;-;352;MOVEON-siirto;;;;
211231;5524;4322;99999;;;3;2710;;;+;352;MOVEON-siirto;;;;
211231;3801;2720;99999;;;9;4323;;;-;1172;MOVEON-siirto;;;;
211231;5525;4323;99999;;;9;2720;;;+;1172;MOVEON-siirto;;;;
211231;3801;2720;99999;;;11;4324;;;-;1367;MOVEON-siirto;;;;
211231;5525;4324;99999;;;11;2720;;;+;1367;MOVEON-siirto;;;;
211231;3801;2720;99999;;;31;4410;;;-;3906;MOVEON-siirto;;;;
211231;5525;4410;99999;;;31;2720;;;+;3906;MOVEON-siirto;;;;
211231;3801;2720;99999;;;31;4420;;;-;3906;MOVEON-siirto;;;;
211231;5525;4420;99999;;;31;2720;;;+;3906;MOVEON-siirto;;;;
211231;3801;2720;99999;;;62;4511;;;-;7812;MOVEON-siirto;;;;
211231;5525;4511;99999;;;62;2720;;;+;7812;MOVEON-siirto;;;;
211231;3801;2710;99999;;;0;4511;;;-;39;MOVEON-siirto;;;;
211231;5524;4511;99999;;;0;2710;;;+;39;MOVEON-siirto;;;;
211231;3801;2720;99999;;;31;4535;;;-;3906;MOVEON-siirto;;;;
211231;5525;4535;99999;;;31;2720;;;+;3906;MOVEON-siirto;;;;
211231;3801;2720;99999;;;16;4611;;;-;1953;MOVEON-siirto;;;;
211231;5525;4611;99999;;;16;2720;;;+;1953;MOVEON-siirto;;;;
211231;3801;2720;99999;;;16;4612;;;-;1953;MOVEON-siirto;;;;
211231;5525;4612;99999;;;16;2720;;;+;1953;MOVEON-siirto;;;;
211231;3801;2720;99999;;;16;4613;;;-;1953;MOVEON-siirto;;;;
211231;5525;4613;99999;;;16;2720;;;+;1953;MOVEON-siirto;;;;
211231;3801;2720;99999;;;74;4620;;;-;9374;MOVEON-siirto;;;;
211231;5525;4620;99999;;;74;2720;;;+;9374;MOVEON-siirto;;;;
211231;3801;2710;99999;;;0;4620;;;-;39;MOVEON-siirto;;;;
211231;5524;4620;99999;;;0;2710;;;+;39;MOVEON-siirto;;;;
211231;3801;2710;99999;;;0;4630;;;-;39;MOVEON-siirto;;;;
211231;5524;4630;99999;;;0;2710;;;+;39;MOVEON-siirto;;;;
211231;3801;2720;99999;;;31;4631;;;-;3906;MOVEON-siirto;;;;
211231;5525;4631;99999;;;31;2720;;;+;3906;MOVEON-siirto;;;;
211231;3801;2720;99999;;;31;4632;;;-;3906;MOVEON-siirto;;;;
211231;5525;4632;99999;;;31;2720;;;+;3906;MOVEON-siirto;;;;
211231;3801;2720;99999;;;19;4633;;;-;2344;MOVEON-siirto;;;;
211231;5525;4633;99999;;;19;2720;;;+;2344;MOVEON-siirto;;;;
211231;3801;2720;99999;;;16;4634;;;-;1953;MOVEON-siirto;;;;
211231;5525;4634;99999;;;16;2720;;;+;1953;MOVEON-siirto;;;;
211231;3801;2720;99999;;;16;4635;;;-;1953;MOVEON-siirto;;;;
211231;5525;4635;99999;;;16;2720;;;+;1953;MOVEON-siirto;;;;
211231;3801;2720;99999;;;6;4643;;;-;781;MOVEON-siirto;;;;
211231;5525;4643;99999;;;6;2720;;;+;781;MOVEON-siirto;;;;
211231;3801;2720;99999;;;16;4651;;;-;1953;MOVEON-siirto;;;;
211231;5525;4651;99999;;;16;2720;;;+;1953;MOVEON-siirto;;;;
211231;3801;2720;99999;;;16;4652;;;-;1953;MOVEON-siirto;;;;
211231;5525;4652;99999;;;16;2720;;;+;1953;MOVEON-siirto;;;;
211231;3801;2720;99999;;;3;5110;;;-;391;MOVEON-siirto;;;;
211231;5525;5110;99999;;;3;2720;;;+;391;MOVEON-siirto;;;;
211231;3801;2720;99999;;;6;5217;;;-;781;MOVEON-siirto;;;;
211231;5525;5217;99999;;;6;2720;;;+;781;MOVEON-siirto;;;;
211231;3801;2720;99999;;;3;5223;;;-;352;MOVEON-siirto;;;;
211231;5525;5223;99999;;;3;2720;;;+;352;MOVEON-siirto;;;;
211231;3801;2720;99999;;;6;5224;;;-;742;MOVEON-siirto;;;;
211231;5525;5224;99999;;;6;2720;;;+;742;MOVEON-siirto;;;;
211231;3801;2720;99999;;;3;5225;;;-;352;MOVEON-siirto;;;;
211231;5525;5225;99999;;;3;2720;;;+;352;MOVEON-siirto;;;;
211231;3801;2720;99999;;;8;5311;;;-;1016;MOVEON-siirto;;;;
211231;5525;5311;99999;;;8;2720;;;+;1016;MOVEON-siirto;;;;
211231;3801;2720;99999;;;3;5313;;;-;430;MOVEON-siirto;;;;
211231;5525;5313;99999;;;3;2720;;;+;430;MOVEON-siirto;;;;
211231;3801;2720;99999;;;3;5314;;;-;430;MOVEON-siirto;;;;
211231;5525;5314;99999;;;3;2720;;;+;430;MOVEON-siirto;;;;
211231;3801;2720;99999;;;4;5315;;;-;469;MOVEON-siirto;;;;
211231;5525;5315;99999;;;4;2720;;;+;469;MOVEON-siirto;;;;
211231;3801;2720;99999;;;4;5317;;;-;469;MOVEON-siirto;;;;
211231;5525;5317;99999;;;4;2720;;;+;469;MOVEON-siirto;;;;
211231;3801;2720;99999;;;3;5318;;;-;430;MOVEON-siirto;;;;
211231;5525;5318;99999;;;3;2720;;;+;430;MOVEON-siirto;;;;
211231;3801;2720;99999;;;3;5320;;;-;352;MOVEON-siirto;;;;
211231;5525;5320;99999;;;3;2720;;;+;352;MOVEON-siirto;;;;
211231;3801;2710;99999;;;1;5321;;;-;78;MOVEON-siirto;;;;
211231;5524;5321;99999;;;1;2710;;;+;78;MOVEON-siirto;;;;
211231;3801;2720;99999;;;3;5322;;;-;430;MOVEON-siirto;;;;
211231;5525;5322;99999;;;3;2720;;;+;430;MOVEON-siirto;;;;
211231;3801;2720;99999;;;31;5410;;;-;3906;MOVEON-siirto;;;;
211231;5525;5410;99999;;;31;2720;;;+;3906;MOVEON-siirto;;;;
211231;3801;2720;99999;;;99;5421;;;-;12499;MOVEON-siirto;;;;
211231;5525;5421;99999;;;99;2720;;;+;12499;MOVEON-siirto;;;;
211231;3801;2710;99999;;;1;5421;;;-;156;MOVEON-siirto;;;;
211231;5524;5421;99999;;;1;2710;;;+;156;MOVEON-siirto;;;;
211231;3801;2720;99999;;;6;5423;;;-;781;MOVEON-siirto;;;;
211231;5525;5423;99999;;;6;2720;;;+;781;MOVEON-siirto;;;;
211231;3801;2720;99999;;;6;5425;;;-;781;MOVEON-siirto;;;;
211231;5525;5425;99999;;;6;2720;;;+;781;MOVEON-siirto;;;;
211231;3801;2720;99999;;;31;6110;;;-;3906;MOVEON-siirto;;;;
211231;5525;6110;99999;;;31;2720;;;+;3906;MOVEON-siirto;;;;
211231;3801;2710;99999;;;0;6110;;;-;39;MOVEON-siirto;;;;
211231;5524;6110;99999;;;0;2710;;;+;39;MOVEON-siirto;;;;
211231;3801;2720;99999;;;85;6210;;;-;10702;MOVEON-siirto;;;;
211231;5525;6210;99999;;;85;2720;;;+;10702;MOVEON-siirto;;;;
211231;3801;2710;99999;;;36;6210;;;-;4492;MOVEON-siirto;;;;
211231;5524;6210;99999;;;36;2710;;;+;4492;MOVEON-siirto;;;;
211231;3801;2710;99999;;;8;6210;;;-;977;MOVEON-siirto;;;;
211231;5524;6210;99999;;;8;2710;;;+;977;MOVEON-siirto;;;;
211231;3801;2710;99999;;;6;6210;;;-;781;MOVEON-siirto;;;;
211231;5524;6210;99999;;;6;2710;;;+;781;MOVEON-siirto;;;;
211231;3801;2710;99999;;;2;6210;;;-;195;MOVEON-siirto;;;;
211231;5524;6210;99999;;;2;2710;;;+;195;MOVEON-siirto;;;;
211231;3801;2720;99999;;;34;6220;;;-;4258;MOVEON-siirto;;;;
211231;5525;6220;99999;;;34;2720;;;+;4258;MOVEON-siirto;;;;
211231;3801;2720;99999;;;1;6231;;;-;78;MOVEON-siirto;;;;
211231;5525;6231;99999;;;1;2720;;;+;78;MOVEON-siirto;;;;
211231;3801;2710;99999;;;5;6231;;;-;586;MOVEON-siirto;;;;
211231;5524;6231;99999;;;5;2710;;;+;586;MOVEON-siirto;;;;
211231;3801;2720;99999;;;1;6232;;;-;117;MOVEON-siirto;;;;
211231;5525;6232;99999;;;1;2720;;;+;117;MOVEON-siirto;;;;
211231;3801;2710;99999;;;3;6232;;;-;391;MOVEON-siirto;;;;
211231;5524;6232;99999;;;3;2710;;;+;391;MOVEON-siirto;;;;
211231;3801;2720;99999;;;2;6233;;;-;312;MOVEON-siirto;;;;
211231;5525;6233;99999;;;2;2720;;;+;312;MOVEON-siirto;;;;
211231;3801;2710;99999;;;2;6233;;;-;195;MOVEON-siirto;;;;
211231;5524;6233;99999;;;2;2710;;;+;195;MOVEON-siirto;;;;
211231;3801;2720;99999;;;12;6240;;;-;1484;MOVEON-siirto;;;;
211231;5525;6240;99999;;;12;2720;;;+;1484;MOVEON-siirto;;;;
211231;3801;2710;99999;;;9;6240;;;-;1172;MOVEON-siirto;;;;
211231;5524;6240;99999;;;9;2710;;;+;1172;MOVEON-siirto;;;;
211231;3801;2720;99999;;;6;6240;;;-;781;MOVEON-siirto;;;;
211231;5525;6240;99999;;;6;2720;;;+;781;MOVEON-siirto;;;;
211231;3801;2730;99999;;;140;6250;;;-;17577;MOVEON-siirto;;;;
211231;5526;6250;99999;;;140;2730;;;+;17577;MOVEON-siirto;;;;
211231;3801;2710;99999;;;88;6250;;;-;11132;MOVEON-siirto;;;;
211231;5524;6250;99999;;;88;2710;;;+;11132;MOVEON-siirto;;;;
211231;3801;2710;99999;;;0;6310;;;-;39;MOVEON-siirto;;;;
211231;5524;6310;99999;;;0;2710;;;+;39;MOVEON-siirto;;;;
211231;3801;2730;99999;;;6;6351;;;-;781;MOVEON-siirto;;;;
211231;5526;6351;99999;;;6;2730;;;+;781;MOVEON-siirto;;;;
211231;3801;2710;99999;;;5;6351;;;-;586;MOVEON-siirto;;;;
211231;5524;6351;99999;;;5;2710;;;+;586;MOVEON-siirto;;;;
211231;3801;2730;99999;;;31;6410;;;-;3906;MOVEON-siirto;;;;
211231;5526;6410;99999;;;31;2730;;;+;3906;MOVEON-siirto;;;;
211231;3801;2730;99999;;;124;6410;;;-;15624;MOVEON-siirto;;;;
211231;5526;6410;99999;;;124;2730;;;+;15624;MOVEON-siirto;;;;
211231;3801;2710;99999;;;2;6410;;;-;312;MOVEON-siirto;;;;
211231;5524;6410;99999;;;2;2710;;;+;312;MOVEON-siirto;;;;
211231;3801;2720;99999;;;31;6430;;;-;3906;MOVEON-siirto;;;;
211231;5525;6430;99999;;;31;2720;;;+;3906;MOVEON-siirto;;;;
211231;3801;2710;99999;;;47;6430;;;-;5859;MOVEON-siirto;;;;
211231;5524;6430;99999;;;47;2710;;;+;5859;MOVEON-siirto;;;;
211231;3801;2720;99999;;;31;6440;;;-;3906;MOVEON-siirto;;;;
211231;5525;6440;99999;;;31;2720;;;+;3906;MOVEON-siirto;;;;
211231;3801;2710;99999;;;0;6450;;;-;39;MOVEON-siirto;;;;
211231;5524;6450;99999;;;0;2710;;;+;39;MOVEON-siirto;;;;
211231;3801;2720;99999;;;31;6451;;;-;3906;MOVEON-siirto;;;;
211231;5525;6451;99999;;;31;2720;;;+;3906;MOVEON-siirto;;;;
211231;3801;2730;99999;;;10;6451;;;-;1285;MOVEON-siirto;;;;
211231;5526;6451;99999;;;10;2730;;;+;1285;MOVEON-siirto;;;;
211231;3801;2710;99999;;;18;6451;;;-;2305;MOVEON-siirto;;;;
211231;5524;6451;99999;;;18;2710;;;+;2305;MOVEON-siirto;;;;
211231;3801;2730;99999;;;31;6511;;;-;3906;MOVEON-siirto;;;;
211231;5526;6511;99999;;;31;2730;;;+;3906;MOVEON-siirto;;;;
211231;3801;2730;99999;;;62;6512;;;-;7812;MOVEON-siirto;;;;
211231;5526;6512;99999;;;62;2730;;;+;7812;MOVEON-siirto;;;;
211231;3801;2710;99999;;;11;6512;;;-;1406;MOVEON-siirto;;;;
211231;5524;6512;99999;;;11;2710;;;+;1406;MOVEON-siirto;;;;
211231;3801;2710;99999;;;6;6514;;;-;781;MOVEON-siirto;;;;
211231;5524;6514;99999;;;6;2710;;;+;781;MOVEON-siirto;;;;
211231;3801;2730;99999;;;62;6521;;;-;7812;MOVEON-siirto;;;;
211231;5526;6521;99999;;;62;2730;;;+;7812;MOVEON-siirto;;;;
211231;3801;2710;99999;;;11;6521;;;-;1367;MOVEON-siirto;;;;
211231;5524;6521;99999;;;11;2710;;;+;1367;MOVEON-siirto;;;;
211231;3801;2730;99999;;;40;6522;;;-;5078;MOVEON-siirto;;;;
211231;5526;6522;99999;;;40;2730;;;+;5078;MOVEON-siirto;;;;
211231;3801;2710;99999;;;11;6522;;;-;1367;MOVEON-siirto;;;;
211231;5524;6522;99999;;;11;2710;;;+;1367;MOVEON-siirto;;;;
211231;3801;2710;99999;;;3;6523;;;-;391;MOVEON-siirto;;;;
211231;5524;6523;99999;;;3;2710;;;+;391;MOVEON-siirto;;;;
211231;3801;2730;99999;;;31;6524;;;-;3906;MOVEON-siirto;;;;
211231;5526;6524;99999;;;31;2730;;;+;3906;MOVEON-siirto;;;;
211231;3801;2710;99999;;;14;6524;;;-;1758;MOVEON-siirto;;;;
211231;5524;6524;99999;;;14;2710;;;+;1758;MOVEON-siirto;;;;
211231;3801;2730;99999;;;22;6525;;;-;2734;MOVEON-siirto;;;;
211231;5526;6525;99999;;;22;2730;;;+;2734;MOVEON-siirto;;;;
211231;3801;2710;99999;;;1;6525;;;-;117;MOVEON-siirto;;;;
211231;5524;6525;99999;;;1;2710;;;+;117;MOVEON-siirto;;;;
211231;3801;2710;99999;;;3;6526;;;-;430;MOVEON-siirto;;;;
211231;5524;6526;99999;;;3;2710;;;+;430;MOVEON-siirto;;;;
211231;3801;2730;99999;;;47;6531;;;-;5859;MOVEON-siirto;;;;
211231;5526;6531;99999;;;47;2730;;;+;5859;MOVEON-siirto;;;;
211231;3801;2710;99999;;;8;6531;;;-;977;MOVEON-siirto;;;;
211231;5524;6531;99999;;;8;2710;;;+;977;MOVEON-siirto;;;;
211231;3801;2730;99999;;;31;6532;;;-;3906;MOVEON-siirto;;;;
211231;5526;6532;99999;;;31;2730;;;+;3906;MOVEON-siirto;;;;
211231;3801;2710;99999;;;5;6532;;;-;586;MOVEON-siirto;;;;
211231;5524;6532;99999;;;5;2710;;;+;586;MOVEON-siirto;;;;
211231;3801;2730;99999;;;93;6533;;;-;11718;MOVEON-siirto;;;;
211231;5526;6533;99999;;;93;2730;;;+;11718;MOVEON-siirto;;;;
211231;3801;2710;99999;;;53;6533;;;-;6640;MOVEON-siirto;;;;
211231;5524;6533;99999;;;53;2710;;;+;6640;MOVEON-siirto;;;;
211231;3801;2730;99999;;;25;6534;;;-;3125;MOVEON-siirto;;;;
211231;5526;6534;99999;;;25;2730;;;+;3125;MOVEON-siirto;;;;
211231;3801;2710;99999;;;25;6534;;;-;3125;MOVEON-siirto;;;;
211231;5524;6534;99999;;;25;2710;;;+;3125;MOVEON-siirto;;;;
211231;3801;2730;99999;;;50;6541;;;-;6250;MOVEON-siirto;;;;
211231;5526;6541;99999;;;50;2730;;;+;6250;MOVEON-siirto;;;;
211231;3801;2710;99999;;;16;6541;;;-;1953;MOVEON-siirto;;;;
211231;5524;6541;99999;;;16;2710;;;+;1953;MOVEON-siirto;;;;
211231;3801;2730;99999;;;31;6543;;;-;3906;MOVEON-siirto;;;;
211231;5526;6543;99999;;;31;2730;;;+;3906;MOVEON-siirto;;;;
211231;3801;2710;99999;;;25;6543;;;-;3125;MOVEON-siirto;;;;
211231;5524;6543;99999;;;25;2710;;;+;3125;MOVEON-siirto;;;;
211231;3801;2730;99999;;;6;6544;;;-;781;MOVEON-siirto;;;;
211231;5526;6544;99999;;;6;2730;;;+;781;MOVEON-siirto;;;;
211231;3801;2730;99999;;;37;6545;;;-;4687;MOVEON-siirto;;;;
211231;5526;6545;99999;;;37;2730;;;+;4687;MOVEON-siirto;;;;
211231;3801;2710;99999;;;11;6545;;;-;1367;MOVEON-siirto;;;;
211231;5524;6545;99999;;;11;2710;;;+;1367;MOVEON-siirto;;;;
211231;3801;2730;99999;;;43;6551;;;-;5468;MOVEON-siirto;;;;
211231;5526;6551;99999;;;43;2730;;;+;5468;MOVEON-siirto;;;;
211231;3801;2710;99999;;;2;6551;;;-;195;MOVEON-siirto;;;;
211231;5524;6551;99999;;;2;2710;;;+;195;MOVEON-siirto;;;;
211231;3801;2730;99999;;;9;6554;;;-;1172;MOVEON-siirto;;;;
211231;5526;6554;99999;;;9;2730;;;+;1172;MOVEON-siirto;;;;
211231;3801;2730;99999;;;37;6555;;;-;4687;MOVEON-siirto;;;;
211231;5526;6555;99999;;;37;2730;;;+;4687;MOVEON-siirto;;;;
211231;3801;2710;99999;;;9;6555;;;-;1172;MOVEON-siirto;;;;
211231;5524;6555;99999;;;9;2710;;;+;1172;MOVEON-siirto;;;;
211231;3801;2720;99999;;;5;3460;;;-;586;MOVEON-siirto;;;;
211231;5525;3460;99999;;;5;2720;;;+;586;MOVEON-siirto;;;;
211231;3801;2720;99999;;;2;5228;;;-;195;MOVEON-siirto;;;;
211231;5525;5228;99999;;;2;2720;;;+;195;MOVEON-siirto;;;;
211231;3801;2720;99999;;;3;5229;;;-;391;MOVEON-siirto;;;;
211231;5525;5229;99999;;;3;2720;;;+;391;MOVEON-siirto;;;;
211231;3801;2720;99999;;;2;5230;;;-;195;MOVEON-siirto;;;;
211231;5525;5230;99999;;;2;2720;;;+;195;MOVEON-siirto;;;;
