230228;3801;2730;99999;;;5;1111;;;-;670;MOVEON-siirto;;;;
230228;5124;1111;99999;;;5;2730;;;+;670;MOVEON-siirto;;;;
230228;3801;2730;99999;;;3;1112;;;-;388;MOVEON-siirto;;;;
230228;5124;1112;99999;;;3;2730;;;+;388;MOVEON-siirto;;;;
230228;3801;2730;99999;;;1;1113;;;-;106;MOVEON-siirto;;;;
230228;5124;1113;99999;;;1;2730;;;+;106;MOVEON-siirto;;;;
230228;3801;2730;99999;;;7;1121;;;-;847;MOVEON-siirto;;;;
230228;5124;1121;99999;;;7;2730;;;+;847;MOVEON-siirto;;;;
230228;3801;2730;99999;;;0;1125;;;-;35;MOVEON-siirto;;;;
230228;5124;1125;99999;;;0;2730;;;+;35;MOVEON-siirto;;;;
230228;3801;2730;99999;;;8;1153;;;-;1058;MOVEON-siirto;;;;
230228;5124;1153;99999;;;8;2730;;;+;1058;MOVEON-siirto;;;;
230228;3801;2730;99999;;;3;1211;;;-;353;MOVEON-siirto;;;;
230228;5124;1211;99999;;;3;2730;;;+;353;MOVEON-siirto;;;;
230228;3801;2730;99999;;;0;1212;;;-;35;MOVEON-siirto;;;;
230228;5124;1212;99999;;;0;2730;;;+;35;MOVEON-siirto;;;;
230228;3801;2730;99999;;;0;1216;;;-;35;MOVEON-siirto;;;;
230228;5124;1216;99999;;;0;2730;;;+;35;MOVEON-siirto;;;;
230228;3801;2730;99999;;;6;1410;;;-;706;MOVEON-siirto;;;;
230228;5125;1410;99999;;;6;2730;;;+;706;MOVEON-siirto;;;;
230228;3801;2730;99999;;;3;1520;;;-;353;MOVEON-siirto;;;;
230228;5124;1520;99999;;;3;2730;;;+;353;MOVEON-siirto;;;;
230228;3801;2730;99999;;;0;1610;;;-;35;MOVEON-siirto;;;;
230228;5124;1610;99999;;;0;2730;;;+;35;MOVEON-siirto;;;;
230228;3801;2730;99999;;;3;1630;;;-;388;MOVEON-siirto;;;;
230228;5124;1630;99999;;;3;2730;;;+;388;MOVEON-siirto;;;;
230228;3801;2730;99999;;;25;1630;;;-;3175;MOVEON-siirto;;;;
230228;5125;1630;99999;;;25;2730;;;+;3175;MOVEON-siirto;;;;
230228;3801;2730;99999;;;1;1830;;;-;106;MOVEON-siirto;;;;
230228;5124;1830;99999;;;1;2730;;;+;106;MOVEON-siirto;;;;
230228;3801;2730;99999;;;28;2311;;;-;3528;MOVEON-siirto;;;;
230228;5126;2311;99999;;;28;2730;;;+;3528;MOVEON-siirto;;;;
230228;3801;2730;99999;;;6;2311;;;-;706;MOVEON-siirto;;;;
230228;5124;2311;99999;;;6;2730;;;+;706;MOVEON-siirto;;;;
230228;3801;2730;99999;;;42;2312;;;-;5292;MOVEON-siirto;;;;
230228;5126;2312;99999;;;42;2730;;;+;5292;MOVEON-siirto;;;;
230228;3801;2730;99999;;;14;2312;;;-;1764;MOVEON-siirto;;;;
230228;5124;2312;99999;;;14;2730;;;+;1764;MOVEON-siirto;;;;
230228;3801;2730;99999;;;6;2312;;;-;706;MOVEON-siirto;;;;
230228;5124;2312;99999;;;6;2730;;;+;706;MOVEON-siirto;;;;
230228;3801;2730;99999;;;50;2321;;;-;6350;MOVEON-siirto;;;;
230228;5126;2321;99999;;;50;2730;;;+;6350;MOVEON-siirto;;;;
230228;3801;2730;99999;;;20;2330;;;-;2470;MOVEON-siirto;;;;
230228;5126;2330;99999;;;20;2730;;;+;2470;MOVEON-siirto;;;;
230228;3801;2730;99999;;;1;2330;;;-;141;MOVEON-siirto;;;;
230228;5124;2330;99999;;;1;2730;;;+;141;MOVEON-siirto;;;;
230228;3801;2730;99999;;;1;2340;;;-;71;MOVEON-siirto;;;;
230228;5124;2340;99999;;;1;2730;;;+;71;MOVEON-siirto;;;;
230228;3801;2730;99999;;;14;2351;;;-;1764;MOVEON-siirto;;;;
230228;5126;2351;99999;;;14;2730;;;+;1764;MOVEON-siirto;;;;
230228;3801;2730;99999;;;3;2351;;;-;318;MOVEON-siirto;;;;
230228;5124;2351;99999;;;3;2730;;;+;318;MOVEON-siirto;;;;
230228;3801;2730;99999;;;6;2352;;;-;811;MOVEON-siirto;;;;
230228;5124;2352;99999;;;6;2730;;;+;811;MOVEON-siirto;;;;
230228;3801;2730;99999;;;28;2352;;;-;3528;MOVEON-siirto;;;;
230228;5126;2352;99999;;;28;2730;;;+;3528;MOVEON-siirto;;;;
230228;3801;2730;99999;;;7;2353;;;-;882;MOVEON-siirto;;;;
230228;5126;2353;99999;;;7;2730;;;+;882;MOVEON-siirto;;;;
230228;3801;2730;99999;;;1;2353;;;-;176;MOVEON-siirto;;;;
230228;5124;2353;99999;;;1;2730;;;+;176;MOVEON-siirto;;;;
230228;3801;2730;99999;;;7;2360;;;-;882;MOVEON-siirto;;;;
230228;5126;2360;99999;;;7;2730;;;+;882;MOVEON-siirto;;;;
230228;3801;2730;99999;;;1;2400;;;-;106;MOVEON-siirto;;;;
230228;5124;2400;99999;;;1;2730;;;+;106;MOVEON-siirto;;;;
230228;3801;2730;99999;;;3;3110;;;-;353;MOVEON-siirto;;;;
230228;5125;3110;99999;;;3;2730;;;+;353;MOVEON-siirto;;;;
230228;3801;2730;99999;;;1;3114;;;-;71;MOVEON-siirto;;;;
230228;5124;3114;99999;;;1;2730;;;+;71;MOVEON-siirto;;;;
230228;3801;2730;99999;;;25;3221;;;-;3175;MOVEON-siirto;;;;
230228;5125;3221;99999;;;25;2730;;;+;3175;MOVEON-siirto;;;;
230228;3801;2730;99999;;;1;3222;;;-;71;MOVEON-siirto;;;;
230228;5124;3222;99999;;;1;2730;;;+;71;MOVEON-siirto;;;;
230228;3801;2730;99999;;;5;3310;;;-;635;MOVEON-siirto;;;;
230228;5125;3310;99999;;;5;2730;;;+;635;MOVEON-siirto;;;;
230228;3801;2730;99999;;;2;3320;;;-;282;MOVEON-siirto;;;;
230228;5125;3320;99999;;;2;2730;;;+;282;MOVEON-siirto;;;;
230228;3801;2730;99999;;;8;3330;;;-;988;MOVEON-siirto;;;;
230228;5125;3330;99999;;;8;2730;;;+;988;MOVEON-siirto;;;;
230228;3801;2730;99999;;;5;3340;;;-;635;MOVEON-siirto;;;;
230228;5125;3340;99999;;;5;2730;;;+;635;MOVEON-siirto;;;;
230228;3801;2730;99999;;;2;3360;;;-;212;MOVEON-siirto;;;;
230228;5125;3360;99999;;;2;2730;;;+;212;MOVEON-siirto;;;;
230228;3801;2730;99999;;;2;3360;;;-;212;MOVEON-siirto;;;;
230228;5125;3360;99999;;;2;2730;;;+;212;MOVEON-siirto;;;;
230228;3801;2730;99999;;;2;3360;;;-;212;MOVEON-siirto;;;;
230228;5125;3360;99999;;;2;2730;;;+;212;MOVEON-siirto;;;;
230228;3801;2730;99999;;;1;3370;;;-;71;MOVEON-siirto;;;;
230228;5125;3370;99999;;;1;2730;;;+;71;MOVEON-siirto;;;;
230228;3801;2730;99999;;;2;3370;;;-;212;MOVEON-siirto;;;;
230228;5125;3370;99999;;;2;2730;;;+;212;MOVEON-siirto;;;;
230228;3801;2730;99999;;;2;3370;;;-;212;MOVEON-siirto;;;;
230228;5125;3370;99999;;;2;2730;;;+;212;MOVEON-siirto;;;;
230228;3801;2730;99999;;;2;3370;;;-;212;MOVEON-siirto;;;;
230228;5125;3370;99999;;;2;2730;;;+;212;MOVEON-siirto;;;;
230228;3801;2730;99999;;;6;3384;;;-;706;MOVEON-siirto;;;;
230228;5125;3384;99999;;;6;2730;;;+;706;MOVEON-siirto;;;;
230228;3801;2730;99999;;;6;3390;;;-;706;MOVEON-siirto;;;;
230228;5125;3390;99999;;;6;2730;;;+;706;MOVEON-siirto;;;;
230228;3801;2730;99999;;;0;3390;;;-;35;MOVEON-siirto;;;;
230228;5124;3390;99999;;;0;2730;;;+;35;MOVEON-siirto;;;;
230228;3801;2730;99999;;;1;3411;;;-;71;MOVEON-siirto;;;;
230228;5125;3411;99999;;;1;2730;;;+;71;MOVEON-siirto;;;;
230228;3801;2730;99999;;;1;3415;;;-;71;MOVEON-siirto;;;;
230228;5125;3415;99999;;;1;2730;;;+;71;MOVEON-siirto;;;;
230228;3801;2730;99999;;;1;3418;;;-;71;MOVEON-siirto;;;;
230228;5125;3418;99999;;;1;2730;;;+;71;MOVEON-siirto;;;;
230228;3801;2730;99999;;;3;3419;;;-;353;MOVEON-siirto;;;;
230228;5125;3419;99999;;;3;2730;;;+;353;MOVEON-siirto;;;;
230228;3801;2730;99999;;;3;3421;;;-;353;MOVEON-siirto;;;;
230228;5125;3421;99999;;;3;2730;;;+;353;MOVEON-siirto;;;;
230228;3801;2730;99999;;;3;3422;;;-;353;MOVEON-siirto;;;;
230228;5125;3422;99999;;;3;2730;;;+;353;MOVEON-siirto;;;;
230228;3801;2730;99999;;;1;3427;;;-;176;MOVEON-siirto;;;;
230228;5125;3427;99999;;;1;2730;;;+;176;MOVEON-siirto;;;;
230228;3801;2730;99999;;;1;3427;;;-;176;MOVEON-siirto;;;;
230228;5125;3427;99999;;;1;2730;;;+;176;MOVEON-siirto;;;;
230228;3801;2730;99999;;;6;3428;;;-;706;MOVEON-siirto;;;;
230228;5125;3428;99999;;;6;2730;;;+;706;MOVEON-siirto;;;;
230228;3801;2730;99999;;;3;3431;;;-;353;MOVEON-siirto;;;;
230228;5125;3431;99999;;;3;2730;;;+;353;MOVEON-siirto;;;;
230228;3801;2730;99999;;;3;3432;;;-;353;MOVEON-siirto;;;;
230228;5125;3432;99999;;;3;2730;;;+;353;MOVEON-siirto;;;;
230228;3801;2730;99999;;;3;3433;;;-;353;MOVEON-siirto;;;;
230228;5125;3433;99999;;;3;2730;;;+;353;MOVEON-siirto;;;;
230228;3801;2730;99999;;;6;3451;;;-;706;MOVEON-siirto;;;;
230228;5125;3451;99999;;;6;2730;;;+;706;MOVEON-siirto;;;;
230228;3801;2730;99999;;;1;3454;;;-;176;MOVEON-siirto;;;;
230228;5125;3454;99999;;;1;2730;;;+;176;MOVEON-siirto;;;;
230228;3801;2730;99999;;;1;3455;;;-;176;MOVEON-siirto;;;;
230228;5125;3455;99999;;;1;2730;;;+;176;MOVEON-siirto;;;;
230228;3801;2730;99999;;;3;3461;;;-;353;MOVEON-siirto;;;;
230228;5125;3461;99999;;;3;2730;;;+;353;MOVEON-siirto;;;;
230228;3801;2730;99999;;;7;3499;;;-;847;MOVEON-siirto;;;;
230228;5125;3499;99999;;;7;2730;;;+;847;MOVEON-siirto;;;;
230228;3801;2730;99999;;;28;3510;;;-;3528;MOVEON-siirto;;;;
230228;5126;3510;99999;;;28;2730;;;+;3528;MOVEON-siirto;;;;
230228;3801;2730;99999;;;1;3510;;;-;176;MOVEON-siirto;;;;
230228;5124;3510;99999;;;1;2730;;;+;176;MOVEON-siirto;;;;
230228;3801;2730;99999;;;28;3520;;;-;3528;MOVEON-siirto;;;;
230228;5125;3520;99999;;;28;2730;;;+;3528;MOVEON-siirto;;;;
230228;3801;2730;99999;;;2;3520;;;-;212;MOVEON-siirto;;;;
230228;5124;3520;99999;;;2;2730;;;+;212;MOVEON-siirto;;;;
230228;3801;2730;99999;;;3;3530;;;-;353;MOVEON-siirto;;;;
230228;5125;3530;99999;;;3;2730;;;+;353;MOVEON-siirto;;;;
230228;3801;2730;99999;;;20;3540;;;-;2470;MOVEON-siirto;;;;
230228;5125;3540;99999;;;20;2730;;;+;2470;MOVEON-siirto;;;;
230228;3801;2730;99999;;;10;3610;;;-;1235;MOVEON-siirto;;;;
230228;5125;3610;99999;;;10;2730;;;+;1235;MOVEON-siirto;;;;
230228;3801;2730;99999;;;10;3620;;;-;1235;MOVEON-siirto;;;;
230228;5125;3620;99999;;;10;2730;;;+;1235;MOVEON-siirto;;;;
230228;3801;2730;99999;;;3;3633;;;-;353;MOVEON-siirto;;;;
230228;5125;3633;99999;;;3;2730;;;+;353;MOVEON-siirto;;;;
230228;3801;2730;99999;;;6;3640;;;-;706;MOVEON-siirto;;;;
230228;5125;3640;99999;;;6;2730;;;+;706;MOVEON-siirto;;;;
230228;3801;2730;99999;;;1;3640;;;-;71;MOVEON-siirto;;;;
230228;5124;3640;99999;;;1;2730;;;+;71;MOVEON-siirto;;;;
230228;3801;2730;99999;;;3;4110;;;-;353;MOVEON-siirto;;;;
230228;5125;4110;99999;;;3;2730;;;+;353;MOVEON-siirto;;;;
230228;3801;2730;99999;;;17;4110;;;-;2117;MOVEON-siirto;;;;
230228;5125;4110;99999;;;17;2730;;;+;2117;MOVEON-siirto;;;;
230228;3801;2730;99999;;;6;4216;;;-;706;MOVEON-siirto;;;;
230228;5125;4216;99999;;;6;2730;;;+;706;MOVEON-siirto;;;;
230228;3801;2730;99999;;;6;4217;;;-;706;MOVEON-siirto;;;;
230228;5125;4217;99999;;;6;2730;;;+;706;MOVEON-siirto;;;;
230228;3801;2730;99999;;;1;4217;;;-;176;MOVEON-siirto;;;;
230228;5124;4217;99999;;;1;2730;;;+;176;MOVEON-siirto;;;;
230228;3801;2730;99999;;;28;4252;;;-;3528;MOVEON-siirto;;;;
230228;5125;4252;99999;;;28;2730;;;+;3528;MOVEON-siirto;;;;
230228;3801;2730;99999;;;4;4311;;;-;529;MOVEON-siirto;;;;
230228;5124;4311;99999;;;4;2730;;;+;529;MOVEON-siirto;;;;
230228;3801;2730;99999;;;28;4311;;;-;3528;MOVEON-siirto;;;;
230228;5126;4311;99999;;;28;2730;;;+;3528;MOVEON-siirto;;;;
230228;3801;2730;99999;;;56;4314;;;-;7056;MOVEON-siirto;;;;
230228;5126;4314;99999;;;56;2730;;;+;7056;MOVEON-siirto;;;;
230228;3801;2730;99999;;;28;4314;;;-;3563;MOVEON-siirto;;;;
230228;5124;4314;99999;;;28;2730;;;+;3563;MOVEON-siirto;;;;
230228;3801;2730;99999;;;14;4315;;;-;1764;MOVEON-siirto;;;;
230228;5126;4315;99999;;;14;2730;;;+;1764;MOVEON-siirto;;;;
230228;3801;2730;99999;;;6;4315;;;-;706;MOVEON-siirto;;;;
230228;5124;4315;99999;;;6;2730;;;+;706;MOVEON-siirto;;;;
230228;3801;2730;99999;;;14;4321;;;-;1764;MOVEON-siirto;;;;
230228;5125;4321;99999;;;14;2730;;;+;1764;MOVEON-siirto;;;;
230228;3801;2730;99999;;;10;4322;;;-;1235;MOVEON-siirto;;;;
230228;5125;4322;99999;;;10;2730;;;+;1235;MOVEON-siirto;;;;
230228;3801;2730;99999;;;2;4322;;;-;282;MOVEON-siirto;;;;
230228;5124;4322;99999;;;2;2730;;;+;282;MOVEON-siirto;;;;
230228;3801;2730;99999;;;8;4323;;;-;1058;MOVEON-siirto;;;;
230228;5125;4323;99999;;;8;2730;;;+;1058;MOVEON-siirto;;;;
230228;3801;2730;99999;;;10;4324;;;-;1235;MOVEON-siirto;;;;
230228;5125;4324;99999;;;10;2730;;;+;1235;MOVEON-siirto;;;;
230228;3801;2730;99999;;;1;4324;;;-;176;MOVEON-siirto;;;;
230228;5124;4324;99999;;;1;2730;;;+;176;MOVEON-siirto;;;;
230228;3801;2730;99999;;;28;4410;;;-;3528;MOVEON-siirto;;;;
230228;5125;4410;99999;;;28;2730;;;+;3528;MOVEON-siirto;;;;
230228;3801;2730;99999;;;1;4410;;;-;141;MOVEON-siirto;;;;
230228;5124;4410;99999;;;1;2730;;;+;141;MOVEON-siirto;;;;
230228;3801;2730;99999;;;1;4424;;;-;141;MOVEON-siirto;;;;
230228;5124;4424;99999;;;1;2730;;;+;141;MOVEON-siirto;;;;
230228;3801;2730;99999;;;56;4511;;;-;7056;MOVEON-siirto;;;;
230228;5125;4511;99999;;;56;2730;;;+;7056;MOVEON-siirto;;;;
230228;3801;2730;99999;;;28;4535;;;-;3528;MOVEON-siirto;;;;
230228;5125;4535;99999;;;28;2730;;;+;3528;MOVEON-siirto;;;;
230228;3801;2730;99999;;;14;4611;;;-;1764;MOVEON-siirto;;;;
230228;5125;4611;99999;;;14;2730;;;+;1764;MOVEON-siirto;;;;
230228;3801;2730;99999;;;14;4612;;;-;1764;MOVEON-siirto;;;;
230228;5125;4612;99999;;;14;2730;;;+;1764;MOVEON-siirto;;;;
230228;3801;2730;99999;;;14;4613;;;-;1764;MOVEON-siirto;;;;
230228;5125;4613;99999;;;14;2730;;;+;1764;MOVEON-siirto;;;;
230228;3801;2730;99999;;;28;4620;;;-;3528;MOVEON-siirto;;;;
230228;5125;4620;99999;;;28;2730;;;+;3528;MOVEON-siirto;;;;
230228;3801;2730;99999;;;28;4620;;;-;3528;MOVEON-siirto;;;;
230228;5126;4620;99999;;;28;2730;;;+;3528;MOVEON-siirto;;;;
230228;3801;2730;99999;;;56;4631;;;-;7056;MOVEON-siirto;;;;
230228;5125;4631;99999;;;56;2730;;;+;7056;MOVEON-siirto;;;;
230228;3801;2730;99999;;;28;4633;;;-;3528;MOVEON-siirto;;;;
230228;5125;4633;99999;;;28;2730;;;+;3528;MOVEON-siirto;;;;
230228;3801;2730;99999;;;14;4634;;;-;1764;MOVEON-siirto;;;;
230228;5125;4634;99999;;;14;2730;;;+;1764;MOVEON-siirto;;;;
230228;3801;2730;99999;;;14;4635;;;-;1764;MOVEON-siirto;;;;
230228;5125;4635;99999;;;14;2730;;;+;1764;MOVEON-siirto;;;;
230228;3801;2730;99999;;;1;4646;;;-;141;MOVEON-siirto;;;;
230228;5124;4646;99999;;;1;2730;;;+;141;MOVEON-siirto;;;;
230228;3801;2730;99999;;;14;4660;;;-;1764;MOVEON-siirto;;;;
230228;5125;4660;99999;;;14;2730;;;+;1764;MOVEON-siirto;;;;
230228;3801;2730;99999;;;1;4660;;;-;106;MOVEON-siirto;;;;
230228;5124;4660;99999;;;1;2730;;;+;106;MOVEON-siirto;;;;
230228;3801;2730;99999;;;14;4661;;;-;1764;MOVEON-siirto;;;;
230228;5125;4661;99999;;;14;2730;;;+;1764;MOVEON-siirto;;;;
230228;3801;2730;99999;;;3;5223;;;-;353;MOVEON-siirto;;;;
230228;5125;5223;99999;;;3;2730;;;+;353;MOVEON-siirto;;;;
230228;3801;2730;99999;;;1;5223;;;-;71;MOVEON-siirto;;;;
230228;5124;5223;99999;;;1;2730;;;+;71;MOVEON-siirto;;;;
230228;3801;2730;99999;;;6;5224;;;-;706;MOVEON-siirto;;;;
230228;5125;5224;99999;;;6;2730;;;+;706;MOVEON-siirto;;;;
230228;3801;2730;99999;;;3;5225;;;-;353;MOVEON-siirto;;;;
230228;5125;5225;99999;;;3;2730;;;+;353;MOVEON-siirto;;;;
230228;3801;2730;99999;;;3;5228;;;-;353;MOVEON-siirto;;;;
230228;5125;5228;99999;;;3;2730;;;+;353;MOVEON-siirto;;;;
230228;3801;2730;99999;;;0;5228;;;-;35;MOVEON-siirto;;;;
230228;5124;5228;99999;;;0;2730;;;+;35;MOVEON-siirto;;;;
230228;3801;2730;99999;;;4;5229;;;-;529;MOVEON-siirto;;;;
230228;5125;5229;99999;;;4;2730;;;+;529;MOVEON-siirto;;;;
230228;3801;2730;99999;;;3;5230;;;-;353;MOVEON-siirto;;;;
230228;5125;5230;99999;;;3;2730;;;+;353;MOVEON-siirto;;;;
230228;3801;2730;99999;;;2;5252;;;-;282;MOVEON-siirto;;;;
230228;5125;5252;99999;;;2;2730;;;+;282;MOVEON-siirto;;;;
230228;3801;2730;99999;;;7;5311;;;-;917;MOVEON-siirto;;;;
230228;5125;5311;99999;;;7;2730;;;+;917;MOVEON-siirto;;;;
230228;3801;2730;99999;;;2;5313;;;-;282;MOVEON-siirto;;;;
230228;5125;5313;99999;;;2;2730;;;+;282;MOVEON-siirto;;;;
230228;3801;2730;99999;;;2;5314;;;-;282;MOVEON-siirto;;;;
230228;5125;5314;99999;;;2;2730;;;+;282;MOVEON-siirto;;;;
230228;3801;2730;99999;;;2;5315;;;-;282;MOVEON-siirto;;;;
230228;5125;5315;99999;;;2;2730;;;+;282;MOVEON-siirto;;;;
230228;3801;2730;99999;;;2;5317;;;-;282;MOVEON-siirto;;;;
230228;5125;5317;99999;;;2;2730;;;+;282;MOVEON-siirto;;;;
230228;3801;2730;99999;;;2;5320;;;-;282;MOVEON-siirto;;;;
230228;5125;5320;99999;;;2;2730;;;+;282;MOVEON-siirto;;;;
230228;3801;2730;99999;;;1;5321;;;-;106;MOVEON-siirto;;;;
230228;5125;5321;99999;;;1;2730;;;+;106;MOVEON-siirto;;;;
230228;3801;2730;99999;;;2;5322;;;-;282;MOVEON-siirto;;;;
230228;5125;5322;99999;;;2;2730;;;+;282;MOVEON-siirto;;;;
230228;3801;2730;99999;;;28;5410;;;-;3528;MOVEON-siirto;;;;
230228;5125;5410;99999;;;28;2730;;;+;3528;MOVEON-siirto;;;;
230228;3801;2730;99999;;;140;5421;;;-;17640;MOVEON-siirto;;;;
230228;5125;5421;99999;;;140;2730;;;+;17640;MOVEON-siirto;;;;
230228;3801;2730;99999;;;2;5421;;;-;212;MOVEON-siirto;;;;
230228;5124;5421;99999;;;2;2730;;;+;212;MOVEON-siirto;;;;
230228;3801;2730;99999;;;1;5422;;;-;176;MOVEON-siirto;;;;
230228;5124;5422;99999;;;1;2730;;;+;176;MOVEON-siirto;;;;
230228;3801;2730;99999;;;28;6110;;;-;3528;MOVEON-siirto;;;;
230228;5125;6110;99999;;;28;2730;;;+;3528;MOVEON-siirto;;;;
230228;3801;2730;99999;;;45;6210;;;-;5715;MOVEON-siirto;;;;
230228;5125;6210;99999;;;45;2730;;;+;5715;MOVEON-siirto;;;;
230228;3801;2730;99999;;;33;6210;;;-;4198;MOVEON-siirto;;;;
230228;5124;6210;99999;;;33;2730;;;+;4198;MOVEON-siirto;;;;
230228;3801;2730;99999;;;28;6210;;;-;3528;MOVEON-siirto;;;;
230228;5126;6210;99999;;;28;2730;;;+;3528;MOVEON-siirto;;;;
230228;3801;2730;99999;;;7;6210;;;-;882;MOVEON-siirto;;;;
230228;5124;6210;99999;;;7;2730;;;+;882;MOVEON-siirto;;;;
230228;3801;2730;99999;;;1;6210;;;-;71;MOVEON-siirto;;;;
230228;5125;6210;99999;;;1;2730;;;+;71;MOVEON-siirto;;;;
230228;3801;2730;99999;;;6;6210;;;-;706;MOVEON-siirto;;;;
230228;5124;6210;99999;;;6;2730;;;+;706;MOVEON-siirto;;;;
230228;3801;2730;99999;;;1;6210;;;-;71;MOVEON-siirto;;;;
230228;5125;6210;99999;;;1;2730;;;+;71;MOVEON-siirto;;;;
230228;3801;2730;99999;;;1;6210;;;-;176;MOVEON-siirto;;;;
230228;5124;6210;99999;;;1;2730;;;+;176;MOVEON-siirto;;;;
230228;3801;2730;99999;;;1;6210;;;-;71;MOVEON-siirto;;;;
230228;5125;6210;99999;;;1;2730;;;+;71;MOVEON-siirto;;;;
230228;3801;2730;99999;;;1;6210;;;-;71;MOVEON-siirto;;;;
230228;5125;6210;99999;;;1;2730;;;+;71;MOVEON-siirto;;;;
230228;3801;2730;99999;;;4;6231;;;-;529;MOVEON-siirto;;;;
230228;5124;6231;99999;;;4;2730;;;+;529;MOVEON-siirto;;;;
230228;3801;2730;99999;;;4;6231;;;-;459;MOVEON-siirto;;;;
230228;5125;6231;99999;;;4;2730;;;+;459;MOVEON-siirto;;;;
230228;3801;2730;99999;;;3;6232;;;-;353;MOVEON-siirto;;;;
230228;5124;6232;99999;;;3;2730;;;+;353;MOVEON-siirto;;;;
230228;3801;2730;99999;;;1;6232;;;-;176;MOVEON-siirto;;;;
230228;5125;6232;99999;;;1;2730;;;+;176;MOVEON-siirto;;;;
230228;3801;2730;99999;;;1;6233;;;-;176;MOVEON-siirto;;;;
230228;5124;6233;99999;;;1;2730;;;+;176;MOVEON-siirto;;;;
230228;3801;2730;99999;;;1;6233;;;-;106;MOVEON-siirto;;;;
230228;5125;6233;99999;;;1;2730;;;+;106;MOVEON-siirto;;;;
230228;3801;2730;99999;;;10;6240;;;-;1235;MOVEON-siirto;;;;
230228;5125;6240;99999;;;10;2730;;;+;1235;MOVEON-siirto;;;;
230228;3801;2730;99999;;;1;6240;;;-;141;MOVEON-siirto;;;;
230228;5125;6240;99999;;;1;2730;;;+;141;MOVEON-siirto;;;;
230228;3801;2730;99999;;;8;6240;;;-;1058;MOVEON-siirto;;;;
230228;5124;6240;99999;;;8;2730;;;+;1058;MOVEON-siirto;;;;
230228;3801;2730;99999;;;126;6250;;;-;15876;MOVEON-siirto;;;;
230228;5126;6250;99999;;;126;2730;;;+;15876;MOVEON-siirto;;;;
230228;3801;2730;99999;;;52;6250;;;-;6527;MOVEON-siirto;;;;
230228;5124;6250;99999;;;52;2730;;;+;6527;MOVEON-siirto;;;;
230228;3801;2730;99999;;;28;6250;;;-;3528;MOVEON-siirto;;;;
230228;5125;6250;99999;;;28;2730;;;+;3528;MOVEON-siirto;;;;
230228;3801;2730;99999;;;6;6351;;;-;706;MOVEON-siirto;;;;
230228;5126;6351;99999;;;6;2730;;;+;706;MOVEON-siirto;;;;
230228;3801;2730;99999;;;4;6351;;;-;529;MOVEON-siirto;;;;
230228;5124;6351;99999;;;4;2730;;;+;529;MOVEON-siirto;;;;
230228;3801;2730;99999;;;28;6410;;;-;3528;MOVEON-siirto;;;;
230228;5126;6410;99999;;;28;2730;;;+;3528;MOVEON-siirto;;;;
230228;3801;2730;99999;;;112;6410;;;-;14112;MOVEON-siirto;;;;
230228;5126;6410;99999;;;112;2730;;;+;14112;MOVEON-siirto;;;;
230228;3801;2730;99999;;;1;6420;;;-;106;MOVEON-siirto;;;;
230228;5124;6420;99999;;;1;2730;;;+;106;MOVEON-siirto;;;;
230228;3801;2730;99999;;;28;6430;;;-;3528;MOVEON-siirto;;;;
230228;5125;6430;99999;;;28;2730;;;+;3528;MOVEON-siirto;;;;
230228;3801;2730;99999;;;42;6430;;;-;5292;MOVEON-siirto;;;;
230228;5124;6430;99999;;;42;2730;;;+;5292;MOVEON-siirto;;;;
230228;3801;2730;99999;;;28;6440;;;-;3528;MOVEON-siirto;;;;
230228;5125;6440;99999;;;28;2730;;;+;3528;MOVEON-siirto;;;;
230228;3801;2730;99999;;;28;6511;;;-;3528;MOVEON-siirto;;;;
230228;5126;6511;99999;;;28;2730;;;+;3528;MOVEON-siirto;;;;
230228;3801;2730;99999;;;56;6512;;;-;7056;MOVEON-siirto;;;;
230228;5126;6512;99999;;;56;2730;;;+;7056;MOVEON-siirto;;;;
230228;3801;2730;99999;;;10;6512;;;-;1235;MOVEON-siirto;;;;
230228;5124;6512;99999;;;10;2730;;;+;1235;MOVEON-siirto;;;;
230228;3801;2730;99999;;;11;6514;;;-;1411;MOVEON-siirto;;;;
230228;5124;6514;99999;;;11;2730;;;+;1411;MOVEON-siirto;;;;
230228;3801;2730;99999;;;56;6521;;;-;7056;MOVEON-siirto;;;;
230228;5126;6521;99999;;;56;2730;;;+;7056;MOVEON-siirto;;;;
230228;3801;2730;99999;;;10;6521;;;-;1305;MOVEON-siirto;;;;
230228;5124;6521;99999;;;10;2730;;;+;1305;MOVEON-siirto;;;;
230228;3801;2730;99999;;;42;6522;;;-;5292;MOVEON-siirto;;;;
230228;5126;6522;99999;;;42;2730;;;+;5292;MOVEON-siirto;;;;
230228;3801;2730;99999;;;10;6522;;;-;1235;MOVEON-siirto;;;;
230228;5124;6522;99999;;;10;2730;;;+;1235;MOVEON-siirto;;;;
230228;3801;2730;99999;;;3;6523;;;-;353;MOVEON-siirto;;;;
230228;5124;6523;99999;;;3;2730;;;+;353;MOVEON-siirto;;;;
230228;3801;2730;99999;;;13;6524;;;-;1623;MOVEON-siirto;;;;
230228;5124;6524;99999;;;13;2730;;;+;1623;MOVEON-siirto;;;;
230228;3801;2730;99999;;;14;6525;;;-;1764;MOVEON-siirto;;;;
230228;5126;6525;99999;;;14;2730;;;+;1764;MOVEON-siirto;;;;
230228;3801;2730;99999;;;3;6526;;;-;353;MOVEON-siirto;;;;
230228;5124;6526;99999;;;3;2730;;;+;353;MOVEON-siirto;;;;
230228;3801;2730;99999;;;42;6531;;;-;5292;MOVEON-siirto;;;;
230228;5126;6531;99999;;;42;2730;;;+;5292;MOVEON-siirto;;;;
230228;3801;2730;99999;;;7;6531;;;-;917;MOVEON-siirto;;;;
230228;5124;6531;99999;;;7;2730;;;+;917;MOVEON-siirto;;;;
230228;3801;2730;99999;;;28;6532;;;-;3528;MOVEON-siirto;;;;
230228;5126;6532;99999;;;28;2730;;;+;3528;MOVEON-siirto;;;;
230228;3801;2730;99999;;;4;6532;;;-;529;MOVEON-siirto;;;;
230228;5124;6532;99999;;;4;2730;;;+;529;MOVEON-siirto;;;;
230228;3801;2730;99999;;;112;6533;;;-;14112;MOVEON-siirto;;;;
230228;5126;6533;99999;;;112;2730;;;+;14112;MOVEON-siirto;;;;
230228;3801;2730;99999;;;62;6533;;;-;7762;MOVEON-siirto;;;;
230228;5124;6533;99999;;;62;2730;;;+;7762;MOVEON-siirto;;;;
230228;3801;2730;99999;;;22;6534;;;-;2822;MOVEON-siirto;;;;
230228;5126;6534;99999;;;22;2730;;;+;2822;MOVEON-siirto;;;;
230228;3801;2730;99999;;;22;6534;;;-;2822;MOVEON-siirto;;;;
230228;5124;6534;99999;;;22;2730;;;+;2822;MOVEON-siirto;;;;
230228;3801;2730;99999;;;28;6541;;;-;3528;MOVEON-siirto;;;;
230228;5126;6541;99999;;;28;2730;;;+;3528;MOVEON-siirto;;;;
230228;3801;2730;99999;;;14;6541;;;-;1764;MOVEON-siirto;;;;
230228;5124;6541;99999;;;14;2730;;;+;1764;MOVEON-siirto;;;;
230228;3801;2730;99999;;;56;6543;;;-;7056;MOVEON-siirto;;;;
230228;5126;6543;99999;;;56;2730;;;+;7056;MOVEON-siirto;;;;
230228;3801;2730;99999;;;22;6543;;;-;2822;MOVEON-siirto;;;;
230228;5124;6543;99999;;;22;2730;;;+;2822;MOVEON-siirto;;;;
230228;3801;2730;99999;;;28;6545;;;-;3528;MOVEON-siirto;;;;
230228;5126;6545;99999;;;28;2730;;;+;3528;MOVEON-siirto;;;;
230228;3801;2730;99999;;;10;6545;;;-;1235;MOVEON-siirto;;;;
230228;5124;6545;99999;;;10;2730;;;+;1235;MOVEON-siirto;;;;
230228;3801;2730;99999;;;56;6551;;;-;7056;MOVEON-siirto;;;;
230228;5126;6551;99999;;;56;2730;;;+;7056;MOVEON-siirto;;;;
230228;3801;2730;99999;;;2;6551;;;-;212;MOVEON-siirto;;;;
230228;5124;6551;99999;;;2;2730;;;+;212;MOVEON-siirto;;;;
230228;3801;2730;99999;;;8;6554;;;-;1058;MOVEON-siirto;;;;
230228;5126;6554;99999;;;8;2730;;;+;1058;MOVEON-siirto;;;;
230228;3801;2730;99999;;;34;6555;;;-;4234;MOVEON-siirto;;;;
230228;5126;6555;99999;;;34;2730;;;+;4234;MOVEON-siirto;;;;
230228;3801;2730;99999;;;8;6555;;;-;1058;MOVEON-siirto;;;;
230228;5124;6555;99999;;;8;2730;;;+;1058;MOVEON-siirto;;;;
230228;3801;2730;99999;;;0;8222;;;-;35;MOVEON-siirto;;;;
230228;5124;8222;99999;;;0;2730;;;+;35;MOVEON-siirto;;;;
230228;3801;2730;99999;;;28;V442;;;-;3528;MOVEON-siirto;;;;
230228;5125;V442;99999;;;28;2730;;;+;3528;MOVEON-siirto;;;;
